0
0
44
88
134
178
226
268
312
358
342
246
290
252
176
164
68
116
164
154
178
170
158
206
258
298
332
384
420
460
502
480
504
518
478
522
566
606
650
640
624
672
718
682
728
778
16
62
108
148
196
246
294
344
386
428
478
524
566
614
664
712
758
804
850
898
944
992
1038
1084
1130
1178
1224
1270
1316
1364
1408
1454
1498
1542
1588
1632
1676
1720
1768
1810
1852
1894
1938
1980
2024
2066
2106
2148
2192
2236
2280
2322
2366
2404
2450
2492
2532
2578
2618
2664
2704
2748
2794
2838
2880
2926
2972
3016
3062
3104
3150
3196
3242
3288
3334
3380
3428
3474
3522
3568
3616
3662
3706
3754
3802
3848
3896
3942
3986
4036
4080
4128
4174
4220
4266
4312
4356
4402
4446
4490
4536
4578
4624
4664
4710
4754
4796
4838
4882
4924
4968
5010
5052
5096
5138
5180
5222
5268
5310
5352
5392
5438
5482
5522
5566
5610
5654
5700
5744
5788
5832
5878
5922
5968
6012
6056
6102
6148
6196
6244
6290
6336
6382
6430
6476
6524
6570
6616
6662
6710
6756
6804
6850
6894
6944
6988
7034
7078
7122
7168
7216
7260
7304
7346
7390
7436
7480
7526
7566
7608
7650
7696
7736
7780
7824
7866
7908
7950
7994
8036
8080
8122
8164
8206
8250
8292
8336
8380
8424
8468
8512
8558
8602
8648
8692
8738
8782
8826
8874
8920
8966
9014
9060
9108
9154
9200
9246
9294
9340
9386
9432
9480
9526
9574
9620
9668
9714
9758
9808
9850
9896
9942
9984
10030
10072
10118
10164
10210
10254
10296
10338
10382
10424
10468
10508
10552
10594
10638
10680
10724
10766
10810
10850
10894
10936
10978
11022
11064
11106
11150
11196
11240
11284
11328
11372
11420
11462
11510
11552
11596
11640
11690
11734
11780
11828
11874
11922
11968
12016
12060
12108
12154
12202
12248
12296
12342
12390
12436
12480
12528
12574
12620
12666
12710
12756
12800
12846
12892
12934
12980
13022
13068
13110
13154
13196
13238
13282
13324
13366
13408
13452
13494
13538
13580
13624
13666
13708
13754
13794
13836
13878
13924
13964
14010
14054
14098
14142
14188
14232
14276
14324
14366
14414
14460
14504
14550
14598
14644
14692
14740
14784
14832
14880
14926
14970
15018
15066
15112
15160
15206
15252
15298
15346
15392
15436
15482
15524
15570
15614
15660
15702
15748
15794
15840
15882
15924
15968
16010
16052
16094
16138
16180
16222
16266
16306
16352
16392
16436
16480
16520
16564
16606
16650
16692
16736
16780
16824
16870
16912
16958
17002
17046
17094
17138
17182
17230
17276
17322
17366
17416
17462
17508
17556
17602
17650
17696
17742
17790
17834
17882
17930
17976
18022
18068
18116
18160
18204
18248
18294
18338
18382
18428
18472
18520
18562
18608
18650
18692
18734
18776
18822
18862
18904
18948
18990
19034
19076
19118
19162
19204
19248
19292
19334
19376
19418
19462
19506
19550
19594
19638
19684
19728
19772
19816
19864
19908
19954
20002
20048
20092
20140
20186
20234
20282
20326
20374
20420
20468
20514
20562
20608
20652
20702
20746
20796
20840
20888
20932
20976
21020
21064
21108
21152
21200
21244
21288
21330
21374
21418
21460
21504
21546
21590
21632
21672
21716
21758
21800
21844
21886
21930
21972
22016
22058
22100
22144
22184
22230
22274
22318
22364
22408
22452
22496
22544
22588
22632
22678
22726
22774
22820
22866
22914
22960
23006
23052
23100
23146
23194
23240
23288
23334
23380
23426
23472
23520
23566
23612
23658
23702
23748
23792
23838
23880
23926
23970
24016
24060
24102
24144
24188
24230
24272
24316
24358
24402
24444
24488
24530
24572
24616
24656
24700
24742
24786
24828
24872
24914
24956
25004
25046
25092
25136
25182
25224
25270
25316
25360
25402
25450
25498
25544
25592
25640
25686
25734
25778
25824
25870
25918
25964
26012
26058
26106
26152
26196
26246
26290
26338
26384
26430
26472
26518
26562
26606
26652
26694
26740
26782
26828
26870
26914
26956
26998
27042
27082
27126
27170
27212
27254
27296
27340
27382
27426
27468
27510
27554
27598
27640
27686
27726
27772
27816
27860
27904
27950
27994
28038
28082
28130
28172
28222
28266
28312
28360
28406
28454
28500
28548
28592
28640
28686
28734
28780
28828
28872
28920
28966
29012
29062
29106
29152
29198
29242
29286
29332
29378
29420
29466
29510
29556
29598
29642
29684
29728
29772
29812
29856
29900
29942
29984
30028
30070
30112
30152
30198
30238
30282
30326
30368
30412
30454
30500
30544
30590
30634
30676
30722
30764
30814
30856
30900
30946
30992
31038
31086
31132
31176
31226
31272
31318
31366
31412
31460
31506
31552
31598
31646
31692
31740
31784
31832
31876
31922
31968
32014
32058
32102
32148
32192
32236
32280
32326
32368
32410
32454
32496
32540
32582
32624
32666
32710
32752
32794
32836
32880
32922
32966
33008
33050
33094
33136
33178
33222
33266
33312
33356
33400
33444
33490
33534
33578
33626
33670
33714
33760
33808
33854
33900
33946
33992
34042
34086
34134
34180
34228
34272
34320
34368
34414
34462
34508
34554
34602
34646
34694
34738
34784
34828
34874
34916
34962
35008
35050
35096
35142
35182
35224
35268
35312
35354
35398
35438
35480
35524
35568
35608
35654
35694
35740
35782
35824
35864
35910
35952
35994
36038
36082
36128
36170
36216
36262
36304
36350
36394
36438
36482
36528
36576
36620
36666
36714
36760
36808
36856
36902
36948
36996
37042
37090
37136
37180
37228
37276
37322
37370
37416
37462
37508
37554
37598
37642
37688
37730
37778
37822
37864
37910
37956
37998
38040
38084
38126
38170
38212
38252
38294
38340
38382
38424
38468
38510
38552
38594
38638
38682
38724
38766
38808
38852
38894
38940
38984
39026
39072
39118
39164
39208
39252
39296
39344
39390
39436
39482
39530
39576
39622
39670
39716
39762
39810
39856
39904
39950
39998
40042
40090
40136
40184
40230
40276
40320
40368
40412
40456
40500
40544
40588
40636
40678
40722
40768
40810
40854
40896
40940
40982
41024
41066
41110
41152
41196
41238
41280
41322
41366
41408
41450
41492
41536
41578
41622
41666
41710
41756
41800
41844
41888
41936
41980
42022
42070
42112
42160
42208
42254
42300
42346
42394
42440
42488
42534
42580
42626
42674
42722
42766
42812
42860
42908
42952
43000
43048
43094
43138
43182
43228
43272
43318
43362
43408
43452
43496
43540
43584
43628
43670
43714
43756
43800
43840
43884
43926
43970
44012
44056
44098
44142
44184
44224
44266
44312
44354
44398
44436
44482
44526
44570
44614
44662
44702
44750
44794
44838
44886
44926
44976
45020
45068
45116
45162
45210
45256
45302
45348
45394
45442
45490
45536
45580
45628
45674
45724
45768
45816
45864
45908
45952
45998
46042
46086
46132
46178
46222
46264
46312
46356
46400
46444
46484
46528
46570
46614
46656
46700
46740
46784
46826
46870
46912
46956
46998
47042
47082
47126
47168
47210
47254
47298
47342
47386
47430
47476
47518
47562
47608
47654
47698
47742
47790
47834
47884
47932
47976
48024
48070
48116
48162
48210
48256
48304
48350
48398
48444
48488
48536
48584
48630
48676
48722
48766
48810
48856
48900
48944
48988
49036
49078
49122
49166
49208
49252
49294
49340
49382
49422
49468
49508
49552
49594
49636
49678
49724
49766
49808
49852
49894
49934
49982
50024
50064
50112
50156
50200
50246
50290
50336
50378
50424
50468
50518
50562
50608
50654
50704
50748
50794
50842
50888
50936
50982
51030
51074
51122
51170
51216
51262
51308
51358
51402
51448
51492
51536
51582
51624
51670
51714
51758
51802
51850
51894
51936
51980
52022
52064
52106
52152
52194
52234
52280
52320
52364
52406
52448
52490
52534
52576
52620
52662
52704
52748
52792
52836
52882
52926
52970
53016
53060
53106
53150
53194
53238
53284
53332
53378
53426
53472
53520
53564
53612
53658
53706
53752
53798
53844
53892
53938
53986
54032
54080
54124
54172
54218
54264
54310
54352
54398
54444
54486
54532
54576
54622
54666
54710
54752
54794
54836
54880
54922
54966
55008
55052
55094
55134
55176
55220
55264
55304
55350
55390
55432
55476
55518
55562
55606
55652
55696
55740
55784
55830
55874
55918
55966
56012
56056
56100
56150
56194
56242
56290
56336
56384
56428
56476
56522
56570
56616
56664
56706
56756
56802
56848
56896
56944
56990
57034
57080
57122
57168
57214
57256
57302
57348
57388
57434
57478
57520
57562
57602
57646
57690
57732
57776
57818
57862
57904
57948
57988
58032
58074
58118
58160
58202
58244
58290
58334
58380
58422
58468
58514
58558
58602
58648
58690
58736
58784
58830
58876
58922
58970
59016
59064
59110
59156
59204
59248
59298
59342
59390
59436
59486
59528
59578
59622
59668
59714
59760
59806
59848
59894
59940
59982
60026
60072
60118
60160
60206
60248
60288
60330
60374
60420
60460
60502
60546
60588
60632
60674
60714
60760
60800
60842
60886
60928
60972
61014
61060
61104
61148
61192
61236
61280
61324
61370
61414
61460
61504
61550
61598
61644
61692
61738
61784
61830
61878
61924
61972
62018
62062
62112
62156
62206
62252
62300
62346
62390
62438
62482
62526
62572
62618
62662
62706
62752
62796
62840
62884
62930
62974
63016
63060
63102
63146
63188
63230
63272
63316
63358
63402
63444
63488
63530
63570
63612
63656
63700
63744
63786
63828
63872
63916
63962
64008
64048
64096
64140
64186
64230
64274
64322
64366
64412
64462
64508
64554
64602
64648
64694
64742
64788
64834
64880
64928
64974
65022
65068
65116
65162
65206
65252
65298
65342
65386
65434
65478
65522
65566
65610
65654
65698
65742
65784
65828
65872
65914
65958
66000
66040
66084
66126
66168
66212
66254
66298
66340
66384
66424
66468
66510
66554
66598
66642
66688
66732
66778
66822
66866
66910
66954
67002
67046
67092
67136
67186
67232
67278
67326
67372
67418
67464
67512
67558
67606
67650
67698
67746
67790
67840
67886
67932
67980
68024
68070
68116
68160
68204
68248
68292
68338
68384
68426
68470
68514
68556
68600
68644
68684
68728
68772
68812
68856
68898
68942
68982
69026
69070
69114
69156
69198
69240
69284
69326
69372
69416
69460
69506
69548
69594
69638
69684
69730
69772
69818
69862
69910
69956
70002
70048
70096
70142
70188
70236
70284
70330
70374
70422
70470
70514
70562
70608
70656
70702
70750
70794
70840
70884
70930
70976
71018
71064
71106
71154
71198
71240
71284
71326
71370
71412
71456
71498
71542
71584
71628
71670
71712
71754
71794
71840
71884
71926
71966
72012
72056
72094
72138
72182
72228
72272
72318
72362
72406
72450
72496
72540
72586
72632
72676
72724
72770
72818
72864
72910
72956
73004
73050
73096
73144
73192
73238
73282
73328
73376
73422
73470
73516
73564
73608
73652
73698
73742
73786
73832
73876
73920
73966
74010
74054
74100
74140
74184
74226
74270
74310
74356
74398
74440
74480
74524
74568
74608
74652
74694
74738
74780
74824
74866
74912
74952
74996
75042
75086
75134
75176
75222
75268
75310
75356
75402
75450
75496
75544
75590
75634
75682
75728
75776
75820
75870
75914
75962
76010
76056
76100
76150
76194
76242
76288
76334
76378
76422
76468
76512
76556
76604
76646
76692
76736
76778
76822
76866
76908
76950
76994
77038
77080
77122
77164
77208
77250
77292
77334
77378
77420
77464
77506
77550
77592
77634
77680
77726
77770
77816
77860
77902
77950
77994
78036
78084
78128
78176
78220
78270
78316
78364
78410
78456
78504
78550
78598
78642
78690
78736
78784
78830
78878
78924
78970
79014
79058
79102
79148
79194
79236
79282
79328
79372
79416
79460
79502
79546
79590
79632
79674
79718
79760
79804
79846
79890
79932
79974
80016
80060
80102
80144
80188
80228
80274
80314
80360
80404
80450
80494
80538
80582
80626
80674
80718
80762
80806
80852
80900
80946
80994
81040
81088
81132
81180
81226
81274
81320
81366
81414
81458
81508
81552
81600
81644
81694
81738
81784
81832
81876
81920
81966
82008
82054
82100
82142
82188
82232
82276
82318
82362
82404
82448
82490
82530
82576
82616
82662
82702
82746
82788
82830
82874
82916
82960
83002
83042
83088
83128
83174
83220
83262
83306
83350
83396
83438
83486
83530
83576
83620
83670
83714
83762
83810
83854
83902
83948
83996
84040
84088
84134
84182
84228
84274
84322
84370
84416
84462
84508
84554
84598
84644
84688
84736
84778
84824
84866
84914
84958
85002
85046
85088
85132
85174
85218
85260
85304
85346
85386
85432
85472
85518
85558
85600
85644
85688
85730
85772
85814
85856
85900
85944
85990
86034
86078
86122
86170
86214
86258
86302
86346
86392
86438
86486
86530
86578
86624
86672
86718
86764
86812
86858
86906
86950
86996
87046
87092
87138
87186
87232
87278
87324
87372
87418
87460
87506
87550
87596
87638
87684
87728
87774
87820
87862
87906
87948
87992
88034
88078
88120
88164
88206
88246
88290
88334
88376
88420
88462
88504
88546
88588
88632
88674
88716
88760
88804
88850
88894
88938
88982
89028
89072
89120
89162
89206
89252
89298
89342
89390
89438
89484
89532
89578
89624
89670
89718
89764
89812
89858
89904
89952
89998
90044
90092
90138
90186
90232
90276
90320
90366
90410
90456
90498
90544
90590
90632
90678
90722
90764
90804
90850
90890
90934
90976
91018
91062
91104
91148
91190
91234
91276
91318
91360
91404
91446
91490
91532
91578
91620
91666
91712
91758
91798
91846
91888
91934
91980
92022
92070
92118
92166
92210
92258
92304
92350
92396
92444
92490
92536
92586
92630
92676
92724
92770
92816
92864
92910
92954
92998
93046
93088
93134
93178
93222
93266
93310
93358
93402
93444
93488
93528
93572
93614
93658
93700
93744
93786
93828
93872
93914
93956
94000
94042
94086
94128
94172
94212
94256
94300
94344
94388
94434
94478
94522
94566
94614
94658
94702
94748
94796
94842
94886
94936
94984
95028
95076
95120
95170
95216
95264
95310
95358
95402
95448
95496
95542
95590
95636
95682
95728
95774
95816
95862
95906
95950
95996
96038
96084
96128
96174
96218
96258
96302
96344
96388
96430
96474
96516
96556
96602
96642
96686
96730
96772
96814
96856
96898
96940
96984
97028
97072
97114
97160
97204
97250
97294
97338
97382
97426
97472
97516
97564
97608
97656
97700
97748
97794
97842
97888
97934
97982
98028
98078
98122
98168
98216
98262
98310
98356
98402
98448
98496
98542
98588
98632
98676
98722
98766
98810
98856
98898
98944
98988
99032
99074
99118
99160
99200
99246
99290
99332
99372
99414
99458
99500
99544
99586
99630
99672
99714
99756
99800
99842
99888
99932
99976
100022
100064
100110
100156
100198
100244
100290
100332
100378
100426
100472
100520
100566
100612
100658
100706
100752
100800
100846
100894
100938
100986
101032
101078
101126
101170
101220
101266
101310
101354
101398
101446
101488
101532
101578
101622
101666
101714
101758
101802
101844
101886
101928
101972
102014
102058
102100
102144
102186
102228
102270
102314
102356
102400
102442
102486
102528
102572
102612
102656
102700
102744
102790
102834
102878
102922
102970
103010
103056
103102
103148
103196
103242
103290
103336
103382
103428
103476
103522
103570
103616
103660
103710
103758
103802
103850
103896
103944
103988
104036
104080
104126
104170
104214
104258
104304
104348
104392
104440
104484
104528
104570
104612
104656
104696
104742
104782
104826
104868
104912
104954
104996
105040
105082
105126
105166
105212
105254
105294
105336
105384
105424
105472
105514
105558
105606
105650
105694
105738
105784
105828
105874
105922
105966
106014
106060
106108
106154
106202
106248
106294
106340
106388
106434
106482
106528
106576
106620
106668
106712
106760
106806
106852
106898
106942
106986
107030
107076
107122
107164
107210
107254
107298
107340
107380
107424
107468
107510
107554
107596
107640
107682
107726
107766
107810
107852
107894
107936
107980
108022
108066
108108
108152
108194
108242
108286
108330
108374
108418
108464
108508
108552
108600
108646
108690
108738
108782
108832
108878
108924
108970
109020
109064
109110
109158
109204
109252
109298
109344
109394
109438
109486
109530
109576
109620
109666
109710
109754
109800
109844
109890
109934
109978
110022
110070
110110
110152
110196
110236
110282
110322
110366
110410
110452
110496
110536
110580
110622
110664
110708
110752
110790
110838
110878
110924
110964
111012
111056
111100
111144
111190
111234
111278
111324
111368
111414
111460
111504
111552
111598
111646
111692
111740
111784
111834
111878
111924
111974
112020
112068
112114
112160
112204
112252
112300
112344
112392
112436
112480
112524
112570
112614
112660
112704
112748
112792
112836
112882
112922
112966
113010
113052
113094
113136
113180
113220
113264
113306
113350
113394
113436
113478
113520
113562
113606
113648
113692
113736
113780
113826
113870
113914
113958
114002
114050
114094
114138
114182
114230
114276
114322
114370
114416
114464
114510
114556
114602
114650
114696
114742
114788
114836
114882
114930
114976
115024
115070
115118
115164
115210
115252
115298
115342
115388
115430
115476
115522
115564
115610
115654
115696
115738
115780
115824
115866
115910
115950
115994
116036
116080
116122
116166
116208
116250
116292
116336
116378
116420
116462
116506
116552
116596
116640
116684
116728
116774
116818
116864
116908
116952
117000
117046
117096
117140
117186
117230
117280
117326
117372
117418
117468
117514
117560
117608
117654
117700
117746
117794
117840
117888
117932
117978
118024
118066
118112
118158
118200
118248
118290
118336
118380
118424
118466
118510
118552
118596
118634
118680
118722
118764
118806
118850
118892
118936
118978
119022
119064
119104
119148
119192
119232
119276
119320
119364
119412
119456
119498
119544
119588
119632
119678
119722
119766
119812
119862
119908
119954
120000
120048
120094
120142
120188
120236
120282
120326
120376
120420
120466
120514
120560
120608
120654
120702
120748
120792
120838
120880
120926
120972
121016
121058
121106
121148
121194
121238
121280
121322
121366
121410
121452
121494
121536
121580
121622
121664
121706
121750
121792
121836
121878
121922
121964
122008
122046
122092
122136
122180
122224
122270
122316
122358
122404
122448
122496
122538
122584
122630
122680
122724
122770
122818
122864
122912
122958
123006
123052
123098
123144
123192
123238
123284
123334
123378
123426
123470
123518
123564
123606
123652
123696
123742
123784
123832
123874
123920
123966
124008
124052
124094
124138
124180
124224
124264
124308
124354
124394
124436
124478
124524
124564
124606
124650
124692
124734
124776
124820
124864
124906
124950
124996
125040
125084
125128
125176
125220
125264
125308
125352
125398
125444
125492
125538
125584
125630
125678
125724
125772
125818
125862
125912
125960
126004
126052
126098
126142
126190
126238
126284
126332
126378
126422
126468
126510
126556
126602
126644
126690
126736
126780
126822
126866
126908
126952
126996
127038
127080
127124
127166
127210
127252
127294
127338
127380
127422
127466
127508
127552
127594
127634
127676
127722
127766
127810
127854
127902
127946
127988
128036
128076
128124
128168
128214
128262
128308
128352
128402
128448
128494
128542
128588
128636
128682
128730
128776
128820
128868
128916
128962
129008
129054
129102
129146
129190
129234
129280
129324
129370
129414
129460
129502
129548
129594
129636
129678
129720
129766
129804
129850
129892
129936
129974
130018
130062
130106
130148
130192
130234
130278
130320
130360
130404
130448
130494
130536
130582
130628
130670
130716
130760
130806
130850
130896
130944
130990
131036
131082
131128
131174
131222
131268
131316
131362
131410
131456
131502
131548
131596
131642
131688
131736
131780
131828
131872
131916
131960
132004
132050
132094
132140
132186
132230
132274
132316
132360
132402
132446
132488
132530
132572
132616
132658
132698
132742
132786
132828
132872
132914
132958
133000
133040
133086
133128
133172
133216
133260
133304
133352
133396
133440
133484
133528
133572
133622
133666
133716
133760
133808
133856
133902
133946
133996
134040
134086
134134
134182
134228
134274
134320
134366
134414
134462
134508
134554
134600
134642
134688
134734
134776
134822
134868
134912
134958
135000
135044
135086
135128
135172
135212
135256
135300
135342
135386
135428
135472
135512
135556
135598
135642
135684
135724
135770
135814
135856
135902
135944
135988
136032
136078
136124
136168
136212
136258
136300
136346
136388
136436
136484
136530
136576
136624
136670
136718
136764
136812
136858
136906
136952
137000
137044
137092
137136
137184
137234
137278
137324
137370
137414
137460
137504
137546
137592
137636
137680
137726
137772
137814
137856
137900
137940
137986
138028
138070
138112
138156
138198
138242
138284
138326
138368
138412
138454
138498
138540
138582
138626
138668
138714
138760
138806
138848
138894
138936
138982
139028
139072
139114
139164
139210
139258
139302
139350
139396
139444
139490
139536
139582
139630
139676
139724
139770
139818
139864
139912
139956
140002
140050
140092
140136
140180
140226
140272
140316
140360
140404
140448
140496
140538
140582
140622
140666
140708
140752
140794
140838
140880
140920
140966
141008
141050
141094
141136
141178
141220
141264
141306
141350
141394
141438
141482
141526
141572
141616
141660
141706
141750
141794
141840
141886
141934
141980
142026
142072
142120
142166
142214
142260
142308
142354
142400
142448
142492
142540
142586
142636
142680
142726
142774
142820
142864
142910
142954
143000
143046
143088
143134
143176
143222
143266
143312
143356
143396
143440
143482
143526
143568
143612
143652
143696
143738
143782
143824
143866
143908
143952
143994
144038
144080
144124
144166
144208
144254
144298
144342
144388
144432
144476
144520
144564
144610
144654
144702
144750
144796
144840
144890
144934
144984
145030
145074
145122
145168
145216
145262
145306
145356
145402
145448
145496
145542
145586
145634
145680
145724
145770
145814
145858
145902
145948
145994
146036
146082
146126
146166
146210
146254
146296
146338
146378
146424
146466
146508
146552
146594
146636
146680
146724
146766
146806
146850
146894
146936
146976
147022
147064
147110
147154
147200
147244
147290
147334
147378
147424
147468
147516
147562
147608
147654
147700
147748
147792
147842
147888
147934
147982
148028
148076
148122
148168
148214
148262
148308
148356
148402
148448
148492
148538
148584
148628
148674
148718
148764
148806
148852
148896
148940
148984
149026
149070
149112
149156
149198
149242
149282
149326
149368
149412
149454
149496
149538
149582
149624
149666
149708
149752
149796
149840
149882
149926
149974
150018
150062
150106
150150
150194
150240
150284
150330
150376
150424
150470
150514
150564
150608
150656
150704
150750
150798
150842
150890
150936
150984
151028
151078
151124
151170
151216
151264
151308
151352
151396
151442
151486
151530
151578
151622
151664
151708
151756
151798
151838
151884
151924
151970
152010
152052
152096
152138
152182
152224
152268
152310
152354
152396
152436
152482
152522
152564
152610
152652
152696
152742
152788
152832
152876
152920
152964
153010
153056
153100
153146
153190
153240
153284
153334
153378
153424
153472
153520
153568
153614
153662
153704
153752
153798
153846
153894
153940
153988
154032
154078
154122
154166
154212
154256
154300
154346
154390
154438
154478
154524
154568
154612
154652
154696
154740
154782
154822
154868
154912
154954
154996
155038
155082
155124
155168
155210
155252
155294
155338
155380
155422
155464
155510
155556
155600
155644
155690
155732
155778
155822
155868
155912
155958
156006
156052
156098
156146
156192
156238
156286
156334
156380
156426
156472
156518
156566
156612
156658
156708
156754
156798
156844
156892
156940
156980
157026
157070
157114
157162
157206
157250
157294
157338
157384
157428
157470
157512
157556
157598
157638
157682
157726
157768
157812
157854
157898
157940
157980
158026
158066
158110
158152
158194
158238
158280
158326
158368
158414
158460
158502
158548
158594
158636
158684
158728
158776
158824
158870
158914
158962
159008
159056
159102
159150
159198
159242
159290
159336
159384
159430
159476
159524
159568
159616
159660
159708
159752
159796
159840
159884
159930
159976
160020
160066
160110
160154
160198
160242
160284
160326
160370
160412
160456
160498
160538
160584
160624
160670
160710
160754
160798
160836
160884
160926
160966
161010
161050
161098
161142
161186
161230
161276
161322
161364
161410
161454
161500
161546
161594
161638
161686
161732
161780
161826
161874
161920
161968
162014
162060
162106
162154
162200
162248
162292
162340
162386
162434
162478
162524
162566
162614
162660
162702
162748
162794
162836
162882
162926
162970
163012
163054
163096
163140
163182
163226
163268
163312
163354
163394
163438
163478
163524
163568
163610
163652
163694
163738
163780
163822
163866
163914
163958
164002
164046
164090
164138
164178
164226
164270
164314
164360
164408
164454
164502
164546
164594
164642
164686
164734
164782
164828
164874
164920
164968
165014
165062
165108
165156
165202
165248
165292
165336
165384
165426
165470
165514
165562
165606
165650
165694
165738
165784
165824
165866
165910
165952
165996
166038
166082
166124
166164
166210
166250
166292
166336
166378
166422
166464
166508
166550
166590
166638
166682
166726
166772
166816
166860
166908
166952
166994
167040
167086
167134
167180
167228
167272
167320
167366
167412
167458
167506
167554
167598
167648
167692
167740
167786
167832
167880
167926
167972
168018
168064
168106
168152
168198
168242
168286
168330
168378
168420
168466
168508
168550
168592
168636
168680
168720
168764
168806
168848
168892
168934
168976
169018
169062
169104
169148
169190
169234
169276
169320
169362
169406
169452
169496
169544
169588
169632
169676
169720
169764
169812
169860
169906
169952
169998
170046
170092
170140
170184
170232
170278
170324
170372
170418
170466
170514
170560
170606
170652
170700
170746
170792
170834
170880
170924
170968
171014
171060
171102
171148
171194
171234
171276
171322
171364
171404
171446
171490
171534
171576
171620
171662
171704
171748
171790
171832
171874
171918
171960
172004
172046
172090
172134
172178
172222
172266
172312
172356
172400
172448
172492
172536
172582
172628
172674
172722
172768
172814
172864
172908
172954
173002
173048
173096
173142
173190
173236
173284
173330
173376
173422
173468
173514
173560
173606
173648
173694
173740
173784
173830
173872
173918
173964
174004
174048
174092
174134
174174
174216
174260
174304
174348
174390
174430
174476
174518
174560
174602
174646
174688
174730
174774
174816
174860
174904
174948
174994
175038
175084
175128
175172
175216
175260
175306
175350
175398
175444
175490
175538
175584
175630
175678
175726
175772
175816
175864
175912
175956
176006
176052
176098
176144
176192
176236
176284
176328
176374
176418
176462
176508
176552
176596
176644
176686
176732
176776
176818
176862
176904
176946
176988
177032
177074
177116
177160
177202
177244
177288
177330
177374
177416
177458
177500
177544
177586
177630
177674
177718
177762
177810
177852
177896
177940
177988
178032
178076
178120
178166
178212
178262
178306
178354
178400
178446
178494
178540
178588
178634
178680
178728
178774
178822
178866
178914
178962
179008
179054
179098
179142
179188
179232
179278
179322
179366
179412
179456
179500
179542
179588
179630
179674
179718
179758
179802
179844
179888
179930
179972
180014
180058
180100
180144
180186
180226
180272
180314
180356
180400
180444
180488
180532
180578
180624
180666
180714
180758
180802
180846
180890
180938
180984
181030
181078
181124
181172
181218
181262
181312
181356
181406
181450
181496
181544
181590
181638
181684
181732
181778
181824
181870
181916
181962
182004
182050
182094
182140
182184
182226
182272
182318
182360
182402
182446
182488
182532
182574
182614
182660
182700
182746
182786
182832
182872
182914
182958
183000
183044
183086
183128
183170
183214
183256
183302
183348
183390
183436
183482
183524
183570
183616
183658
183706
183752
183800
183844
183892
183938
183986
184034
184078
184128
184172
184218
184266
184312
184360
184406
184454
184500
184546
184592
184640
184686
184730
184774
184820
184864
184908
184954
185000
185044
185086
185132
185174
185216
185262
185304
185348
185386
185430
185472
185516
185560
185600
185646
185688
185730
185774
185816
185858
185900
185944
185986
186030
186074
186118
186164
186208
186252
186296
186340
186388
186432
186476
186520
186566
186614
186660
186708
186754
186800
186848
186894
186940
186988
187034
187080
187126
187174
187220
187268
187314
187362
187408
187456
187498
187542
187590
187632
187678
187722
187768
187810
187856
187900
187944
187988
188028
188074
188114
188160
188204
188244
188286
188328
188372
188414
188458
188500
188544
188586
188628
188670
188714
188756
188802
188846
188892
188934
188980
189024
189068
189114
189160
189204
189250
189292
189340
189386
189432
189480
189526
189572
189616
189666
189714
189760
189808
189854
189902
189944
189992
190038
190086
190132
190180
190224
190268
190316
190360
190404
190448
190492
190536
190582
190624
190668
190712
190754
190796
190840
190884
190926
190968
191010
191054
191096
191140
191182
191224
191266
191310
191352
191392
191438
191480
191526
191572
191614
191662
191706
191748
191796
191840
191886
191928
191976
192022
192070
192116
192162
192208
192256
192302
192350
192396
192442
192490
192534
192582
192630
192676
192722
192768
192816
192860
192904
192950
192994
193038
193084
193128
193172
193218
193262
193306
193350
193394
193436
193478
193520
193564
193606
193648
193690
193734
193776
193820
193862
193904
193946
193990
194032
194076
194118
194162
194206
194250
194294
194338
194384
194428
194476
194518
194562
194606
194656
194700
194746
194794
194840
194888
194934
194982
195028
195074
195122
195166
195214
195260
195308
195356
195402
195446
195492
195544
195586
195632
195678
195722
195768
195814
195856
195900
195946
195988
196034
196076
196122
196162
196206
196250
196292
196334
196376
196420
196462
196506
196548
196590
196632
196676
196716
196760
196802
196844
196888
196930
196978
197022
197066
197110
197154
197198
197244
197288
197332
197378
197424
197472
197518
197564
197610
197658
197704
197752
197798
197846
197892
197940
197984
198032
198078
198126
198172
198220
198266
198310
198360
198402
198448
198492
198538
198582
198624
198670
198716
198758
198804
198848
198890
198934
198976
199020
199058
199102
199148
199188
199232
199274
199318
199360
199404
199444
199486
199530
199572
199616
199658
199702
199746
199790
199836
199880
199924
199968
200014
200058
200102
200148
200194
200242
200288
200332
200382
200426
200476
200520
200568
200614
200662
200710
200754
200802
200848
200894
200944
200988
201034
201082
201126
201172
201216
201262
201308
201354
201396
201442
201486
201528
201574
201618
201662
201704
201748
201790
201834
201876
201918
201960
202004
202046
202090
202132
202174
202216
202260
202304
202346
202386
202430
202474
202516
202560
202604
202652
202696
202740
202784
202828
202874
202918
202962
203006
203050
203100
203144
203190
203240
203284
203332
203378
203426
203472
203520
203566
203612
203658
203704
203752
203800
203846
203890
203940
203986
204030
204074
204118
204164
204208
204254
204298
204342
204390
204432
204476
204518
204562
204606
204650
204692
204732
204774
204818
204862
204902
204948
204990
205032
205072
205118
205160
205202
205246
205288
205332
205374
205420
205464
205508
205554
205596
205642
205686
205732
205778
205822
205868
205916
205962
206010
206056
206100
206150
206196
206244
206290
206336
206384
206430
206476
206522
206570
206616
206664
206708
206756
206800
206846
206892
206938
206980
207026
207072
207114
207160
207204
207250
207292
207334
207378
207420
207464
207506
207546
207588
207634
207676
207716
207762
207806
207846
207890
207932
207976
208016
208060
208102
208146
208188
208234
208280
208322
208368
208412
208456
208502
208544
208590
208638
208682
208728
208776
208822
208868
208916
208962
209008
209056
209102
209150
209196
209242
209288
209336
209382
209430
209476
209520
209570
209614
209660
209706
209750
209794
209838
209884
209928
209974
210018
210062
210108
210150
210194
210236
210278
210320
210362
210404
210448
210490
210532
210578
210618
210664
210706
210748
210790
210832
210876
210918
210960
211004
211050
211094
211138
211182
211228
211272
211316
211364
211408
211452
211500
211544
211592
211640
211686
211732
211778
211826
211872
211920
211966
212014
212060
212104
212152
212200
212246
212294
212340
212388
212430
212474
212522
212566
212610
212654
212698
212742
212786
212832
212876
212920
212964
213006
213046
213092
213134
213176
213220
213262
213304
213346
213390
213432
213474
213516
213560
213604
213644
213688
213732
213778
213820
213868
213914
213956
213998
214044
214090
214136
214178
214226
214272
214320
214366
214414
214460
214506
214552
214600
214646
214694
214740
214788
214834
214878
214928
214972
215020
215066
215114
215156
215204
215246
215292
215338
215380
215426
215470
215516
215558
215604
215644
215688
215730
215774
215816
215860
215902
215942
215988
216030
216072
216114
216156
216200
216242
216286
216328
216372
216414
216454
216502
216546
216590
216634
216678
216726
216770
216814
216858
216902
216948
216996
217042
217090
217136
217184
217230
217274
217324
217370
217416
217464
217510
217558
217604
217648
217698
217742
217788
217836
217882
217928
217974
218016
218062
218106
218152
218196
218242
218286
218330
218374
218416
218460
218502
218544
218586
218630
218672
218714
218756
218800
218842
218884
218928
218968
219014
219054
219098
219142
219184
219224
219272
219316
219360
219406
219450
219494
219540
219584
219628
219674
219720
219764
219814
219860
219910
219954
220000
220048
220092
220140
220186
220234
220280
220328
220374
220420
220466
220514
220560
220606
220650
220696
220744
220784
220830
220876
220920
220964
221008
221056
221098
221142
221184
221226
221270
221312
221356
221394
221440
221482
221526
221568
221608
221652
221696
221738
221782
221824
221868
221908
221952
221996
222038
222084
222130
222174
222218
222264
222308
222354
222396
222444
222490
222538
222584
222632
222678
222722
222772
222816
222864
222910
222958
223002
223052
223096
223142
223190
223236
223284
223328
223376
223422
223468
223514
223558
223600
223646
223692
223736
223782
223824
223870
223914
223956
224000
224042
224082
224128
224170
224212
224256
224298
224342
224384
224426
224468
224510
224552
224596
224638
224682
224724
224770
224812
224858
224902
224948
224990
225038
225082
225128
225172
225216
225262
225308
225356
225400
225450
225496
225544
225590
225636
225684
225728
225774
225822
225872
225916
225962
226008
226058
226100
226148
226192
226236
226282
226326
226370
226418
226460
226504
226548
226592
226636
226678
226720
226762
226806
226848
226890
226934
226974
227018
227062
227104
227146
227192
227232
227278
227318
227360
227404
227448
227492
227538
227582
227626
227670
227716
227760
227804
227850
227896
227944
227990
228036
228082
228130
228176
228224
228270
228316
228366
228410
228456
228504
228550
228598
228644
228690
228736
228784
228832
228874
228920
228964
229010
229052
229098
229144
229190
229234
229278
229322
229362
229406
229448
229492
229534
229578
229620
229660
229706
229746
229788
229832
229874
229916
229958
230004
230046
230086
230130
230174
230218
230264
230308
230352
230396
230442
230484
230530
230574
230618
230668
230712
230760
230808
230854
230902
230944
230992
231040
231088
231134
231180
231228
231272
231322
231366
231414
231462
231506
231554
231600
231644
231690
231732
231778
231824
231870
231914
231958
232004
232046
232090
232132
232176
232218
232258
232304
232344
232390
232430
232474
232518
232560
232602
232644
232688
232730
232774
232816
232858
232900
232942
232988
233032
233076
233120
233168
233210
233256
233302
233344
233390
233436
233484
233530
233576
233626
233670
233716
233764
233810
233856
233904
233950
233998
234044
234090
234136
234184
234230
234276
234324
234368
234414
234458
234502
234546
234590
234636
234680
234726
234770
234816
234858
234904
234944
234986
235030
235074
235118
235160
235202
235244
235288
235330
235370
235416
235456
235500
235544
235586
235628
235670
235716
235758
235804
235850
235896
235938
235984
236026
236074
236116
236162
236210
236256
236302
236348
236396
236442
236490
236536
236582
236630
236674
236724
236768
236818
236864
236908
236956
237002
237050
237096
237142
237184
237230
237272
237318
237364
237410
237454
237496
237542
237586
237628
237672
237714
237758
237798
237842
237884
237928
237970
238012
238056
238096
238140
238182
238224
238268
238314
238354
238398
238438
238486
238530
238572
238618
238662
238706
238752
238796
238844
238886
238932
238978
239026
239070
239120
239166
239216
239260
239306
239354
239400
239446
239492
239540
239586
239634
239678
239726
239774
239818
239864
239910
239956
240000
240046
240090
240132
240180
240222
240268
240314
240354
240398
240442
240484
240526
240568
240612
240654
240696
240742
240782
240826
240866
240910
240952
240994
241038
241080
241124
241166
241210
241254
241298
241344
241388
241432
241476
241524
241568
241612
241656
241702
241750
241796
241842
241888
241938
241984
242030
242076
242124
242170
242216
242262
242310
242356
242402
242450
242498
242544
242592
242634
242682
242724
242770
242816
242858
242904
242950
242992
243038
243084
243128
243172
243214
243258
243296
243340
243384
243426
243468
243512
243554
243598
243640
243684
243726
243766
243810
243854
243896
243940
243982
244026
244068
244116
244160
244202
244248
244294
244340
244382
244428
244474
244518
244566
244614
244660
244706
244754
244800
244846
244894
244940
244988
245034
245078
245126
245174
245220
245266
245314
245360
245404
245448
245494
245538
245584
245628
245672
245716
245762
245808
245852
245894
245934
245978
246022
246064
246108
246150
246194
246236
246278
246320
246364
246406
246450
246490
246534
246576
246618
246662
246706
246750
246794
246840
246884
246928
246972
247016
247062
247108
247152
247198
247246
247292
247338
247388
247432
247478
247526
247572
247618
247668
247712
247758
247806
247852
247900
247946
247994
248038
248086
248130
248174
248222
248266
248310
248352
248400
248444
248488
248534
248576
248618
248662
248704
248748
248790
248834
248876
248918
248960
249004
249046
249090
249132
249174
249216
249260
249302
249346
249388
249428
249474
249518
249566
249610
249654
249698
249742
249790
249832
249876
249922
249970
250016
250066
250112
250156
250202
250250
250300
250344
250392
250438
250484
250532
250578
250626
250672
250716
250762
250812
250856
250900
250944
250990
251034
251078
251124
251168
251212
251258
251302
251344
251388
251432
251474
251516
251556
251602
251642
251686
251730
251772
251814
251856
251900
251942
251986
252028
252070
252112
252156
252198
252244
252288
252334
252376
252422
252468
252512
252558
252602
252646
252694
252740
252788
252836
252882
252926
252974
253022
253068
253114
253160
253208
253254
253302
253348
253396
253440
253488
253534
253582
253626
253670
253714
253758
253804
253848
253892
253938
253982
254028
254072
254114
254158
254200
254244
254286
254330
254372
254416
254456
254500
254542
254586
254628
254670
254712
254752
254798
254842
254884
254928
254972
255016
255060
255104
255148
255196
255240
255284
255328
255374
255418
255464
255512
255558
255606
255652
255698
255746
255790
255838
255884
255932
255978
256024
256072
256118
256166
256212
256258
256304
256352
256396
256440
256484
256532
256574
256618
256662
256706
256754
256798
256844
256886
256928
256970
257012
257054
257098
257142
257182
257228
257270
257312
257356
257398
257438
257482
257526
257568
257612
257654
257698
257742
257786
257830
257874
257922
257966
258010
258054
258098
258142
258192
258238
258284
258330
258376
258424
258470
258516
258566
258610
258656
258704
258750
258796
258844
258892
258938
258984
259030
259078
259124
259168
259214
259256
259302
259348
259392
259436
259480
259526
259570
259612
259658
259698
259740
259784
259826
259868
259910
259954
259996
260040
260082
260126
260168
260208
260254
260294
260338
260382
260424
260468
260512
260556
260600
260646
260690
260734
260778
260826
260870
260916
260960
261008
261054
261098
261148
261192
261240
261288
261334
261378
261428
261472
261518
261566
261612
261660
261706
261754
261800
261846
261894
261936
261980
262024
262070
262114
262160
262204
262248
262292
262338
262382
262422
262468
262508
262554
262594
262638
262678
262722
262766
262808
262850
262892
262936
262980
263020
263066
263106
263148
263194
263238
263282
263326
263370
263414
263458
263504
263548
263596
263640
263684
263730
263776
263822
263870
263916
263964
264010
264058
264104
264150
264198
264246
264290
264338
264384
264430
264476
264524
264570
264618
264664
264708
264752
264798
264844
264886
264932
264978
265022
265066
265108
265152
265198
265238
265280
265324
265366
265410
265452
265494
265538
265580
265622
265666
265708
265752
265792
265836
265878
265922
265964
266006
266050
266096
266140
266186
266230
266276
266320
266364
266408
266454
266500
266548
266594
266642
266688
266732
266780
266828
266874
266920
266966
267014
267060
267108
267154
267202
267248
267296
267342
267390
267434
267478
267522
267566
267612
267656
267700
267744
267788
267834
267878
267920
267964
268006
268050
268092
268136
268178
268220
268262
268306
268348
268392
268434
268478
268520
268562
268604
268648
268690
268734
268778
268822
268866
268910
268954
269002
269046
269090
269134
269178
269222
269270
269318
269364
269412
269458
269504
269550
269598
269644
269692
269738
269784
269832
269876
269926
269970
270016
270064
270110
270158
270202
270246
270290
270336
270380
270426
270470
270514
270560
270604
270648
270692
270730
270774
270818
270858
270904
270948
270990
271032
271074
271114
271158
271202
271244
271288
271330
271374
271414
271460
271502
271546
271592
271636
271684
271726
271770
271814
271860
271904
271950
271998
272044
272092
272138
272184
272234
272278
272324
272372
272418
272466
272512
272558
272606
272654
272696
272744
272792
272838
272882
272932
272974
273020
273062
273108
273152
273198
273242
273286
273332
273374
273420
273460
273502
273544
273588
273632
273674
273716
273758
273802
273844
273888
273930
273972
274014
274058
274100
274144
274186
274230
274276
274318
274364
274410
274454
274498
274544
274588
274632
274678
274722
274768
274816
274864
274912
274958
275006
275048
275096
275146
275190
275236
275284
275330
275378
275424
275472
275518
275562
275610
275656
275698
275744
275790
275832
275878
275922
275968
276014
276056
276100
276142
276186
276228
276268
276312
276356
276398
276442
276482
276528
276570
276614
276652
276696
276742
276782
276824
276868
276912
276956
277002
277044
277090
277132
277178
277224
277266
277312
277358
277406
277450
277496
277544
277590
277634
277682
277730
277776
277822
277868
277916
277964
278008
278056
278102
278148
278196
278242
278290
278334
278378
278422
278468
278512
278558
278602
278650
278692
278736
278780
278822
278866
278908
278954
278994
279036
279078
279122
279166
279206
279252
279292
279336
279380
279422
279462
279506
279550
279594
279636
279682
279728
279770
279816
279860
279902
279950
279994
280038
280084
280130
280174
280220
280266
280316
280364
280406
280454
280500
280548
280594
280642
280688
280736
280782
280828
280874
280922
280968
281016
281062
281104
281150
281196
281240
281286
281328
281374
281418
281464
281510
281552
281594
281638
281680
281720
281766
281806
281850
281892
281934
281978
282020
282064
282106
282150
282192
282236
282278
282318
282360
282406
282450
282494
282538
282582
282628
282674
282716
282764
282804
282852
282898
282944
282992
283040
283086
283130
283180
283224
283270
283318
283368
283412
283458
283506
283552
283600
283646
283690
283738
283784
283830
283876
283922
283964
284010
284056
284102
284144
284190
284232
284278
284322
284364
284408
284450
284492
284534
284578
284620
284664
284706
284748
284790
284832
284876
284918
284962
285004
285048
285090
285132
285174
285218
285264
285308
285354
285398
285444
285488
285532
285576
285620
285666
285712
285760
285806
285852
285900
285948
285994
286038
286086
286134
286180
286228
286274
286318
286364
286412
286458
286506
286552
286600
286646
286692
286736
286782
286824
286870
286916
286960
287006
287048
287094
287134
287178
287222
287264
287306
287350
287394
287436
287476
287520
287564
287606
287648
287690
287734
287778
287818
287862
287904
287946
287992
288036
288082
288126
288172
288214
288260
288306
288348
288394
288436
288482
288530
288576
288624
288670
288718
288764
288812
288856
288904
288950
288996
289042
289090
289136
289184
289230
289278
289324
289368
289418
289462
289506
289552
289596
289638
289684
289730
289774
289820
289864
289904
289948
289992
290034
290078
290120
290162
290206
290250
290290
290332
290376
290420
290460
290504
290546
290590
290632
290676
290716
290760
290804
290848
290896
290936
290984
291028
291072
291118
291162
291206
291252
291300
291346
291394
291440
291488
291534
291580
291626
291674
291720
291766
291812
291860
291906
291954
292000
292048
292094
292140
292186
292232
292274
292322
292364
292410
292454
292500
292544
292588
292634
292676
292720
292762
292804
292848
292890
292934
292976
293018
293060
293104
293146
293190
293232
293272
293316
293358
293402
293446
293488
293530
293576
293620
293664
293708
293752
293800
293844
293888
293932
293976
294020
294070
294114
294160
294208
294254
294302
294348
294396
294442
294488
294534
294582
294628
294676
294722
294770
294814
294862
294908
294956
295002
295048
295090
295136
295182
295224
295270
295316
295358
295404
295450
295490
295536
295576
295618
295662
295704
295748
295790
295834
295876
295920
295962
296002
296048
296088
296130
296174
296216
296260
296302
296346
296390
296434
296478
296522
296566
296614
296658
296702
296748
296792
296840
296884
296932
296980
297026
297070
297120
297166
297212
297260
297302
297352
297398
297446
297492
297540
297584
297632
297678
297726
297770
297816
297862
297906
297952
297996
298038
298086
298130
298174
298218
298262
298304
298348
298390
298432
298474
298518
298560
298602
298646
298686
298732
298774
298816
298860
298902
298946
298986
299030
299072
299116
299160
299204
299248
299294
299338
299382
299430
299474
299518
299562
299608
299654
299698
299746
299790
299842
299886
299932
299980
300026
300074
300120
300166
300212
300260
300306
300354
300400
300448
300494
300540
300586
300630
300674
300718
300764
300808
300854
300898
300942
300988
301032
301074
301118
301160
301204
301246
301288
301330
301374
301416
301460
301502
301546
301588
301630
301672
301714
301756
301800
301842
301886
301930
301974
302020
302064
302108
302152
302198
302242
302286
302332
302376
302422
302470
302516
302564
302610
302656
302702
302750
302796
302844
302890
302938
302984
303028
303078
303122
303172
303216
303264
303310
303354
303402
303444
303488
303534
303580
303624
303668
303712
303756
303800
303842
303888
303930
303974
304016
304058
304102
304142
304186
304228
304272
304316
304358
304402
304442
304484
304526
304570
304612
304656
304700
304746
304790
304834
304878
304922
304968
305012
305056
305102
305146
305192
305240
305286
305334
305380
305426
305474
305522
305568
305614
305660
305706
305752
305800
305846
305894
305940
305988
306034
306082
306124
306168
306214
306258
306306
306348
306396
306436
306484
306526
306572
306614
306658
306700
306744
306786
306830
306872
306916
306954
307000
307042
307086
307128
307172
307214
307254
307296
307340
307382
307426
307472
307516
307560
307604
307648
307692
307738
307784
307828
307872
307916
307964
308010
308058
308102
308150
308198
308244
308292
308336
308384
308430
308478
308522
308570
308616
308664
308710
308758
308804
308848
308898
308942
308986
309032
309076
309122
309166
309208
309254
309300
309342
309386
309428
309472
309514
309558
309600
309644
309686
309730
309772
309814
309856
309900
309942
309986
310028
310068
310112
310156
310198
310238
310286
310330
310374
310418
310466
310510
310552
310600
310642
310686
310732
310778
310826
310872
310916
310964
311012
311058
311106
311152
311200
311244
311292
311338
311386
311432
311478
311526
311572
311618
311666
311712
311758
311802
311846
311892
311936
311980
312026
312070
312116
312160
312202
312246
312288
312332
312374
312418
312460
312502
312544
312588
312630
312672
312718
312758
312800
312844
312886
312930
312970
313014
313056
313100
313144
313190
313234
313278
313322
313366
313414
313458
313504
313546
313596
313638
313686
313732
313778
313826
313872
313918
313964
314014
314058
314106
314152
314198
314246
314292
314340
314384
314432
314478
314526
314570
314614
314658
314702
314750
314794
314838
314882
314926
314974
315016
315058
315102
315144
315188
315230
315274
315316
315356
315402
315442
315484
315528
315572
315616
315658
315700
315742
315786
315828
315868
315916
315960
316004
316048
316094
316138
316182
316226
316274
316318
316362
316410
316454
316502
316548
316594
316642
316688
316736
316782
316828
316876
316922
316968
317014
317064
317108
317156
317202
317248
317296
317342
317386
317432
317476
317518
317564
317610
317656
317698
317744
317788
317832
317874
317918
317960
318002
318044
318088
318130
318172
318216
318256
318298
318344
318386
318430
318472
318514
318558
318598
318642
318684
318730
318774
318822
318864
318908
318956
318996
319042
319088
319132
319178
319224
319272
319318
319362
319410
319458
319500
319550
319596
319644
319690
319738
319784
319828
319876
319924
319970
320018
320064
320112
320158
320200
320246
320292
320336
320380
320426
320468
320514
320558
320604
320648
320690
320730
320776
320818
320860
320904
320944
320988
321030
321074
321116
321160
321202
321246
321288
321330
321374
321414
321456
321500
321544
321588
321634
321678
321722
321766
321814
321858
321902
321946
321990
322040
322086
322132
322180
322224
322272
322318
322366
322412
322460
322504
322552
322598
322644
322690
322738
322786
322832
322880
322924
322970
323014
323058
323104
323148
323192
323238
323282
323328
323372
323416
323460
323504
323548
323588
323632
323674
323718
323760
323804
323846
323886
323930
323974
324016
324060
324100
324144
324186
324230
324272
324314
324360
324404
324452
324494
324538
324582
324626
324672
324716
324762
324808
324856
324902
324950
324996
325040
325090
325134
325180
325228
325276
325322
325368
325416
325462
325510
325556
325602
325648
325696
325740
325786
325830
325876
325922
325964
326010
326056
326100
326146
326190
326230
326274
326318
326360
326404
326446
326488
326530
326574
326616
326658
326700
326744
326786
326830
326872
326914
326958
326998
327044
327084
327130
327174
327218
327262
327310
327352
327396
327444
327488
327532
327576
327622
327670
327716
327764
327810
327856
327902
327950
327996
328044
328090
328136
328182
328230
328276
328324
328370
328416
328464
328512
328556
328600
328644
328688
328732
328776
328822
328866
328914
328958
329002
329044
329086
329128
329172
329214
329258
329300
329342
329388
329428
329470
329514
329556
329600
329642
329684
329726
329770
329812
329856
329900
329944
329990
330034
330078
330122
330168
330212
330256
330302
330346
330394
330438
330488
330532
330580
330626
330672
330720
330766
330814
330860
330908
330954
331000
331050
331094
331140
331188
331234
331278
331326
331370
331414
331460
331502
331550
331592
331636
331682
331726
331768
331812
331854
331898
331940
331982
332026
332068
332110
332154
332198
332238
332282
332326
332368
332412
332452
332496
332536
332582
332626
332670
332714
332760
332804
332850
332894
332938
332982
333026
333076
333118
333164
333214
333258
333306
333352
333398
333446
333492
333540
333586
333634
333680
333724
333772
333820
333866
333912
333958
334004
334052
334096
334140
334184
334228
334276
334320
334364
334408
334452
334498
334540
334580
334626
334666
334712
334754
334794
334842
334880
334924
334966
335010
335052
335096
335138
335178
335224
335266
335308
335354
335398
335442
335488
335532
335574
335620
335666
335712
335754
335800
335844
335888
335938
335982
336032
336078
336124
336172
336218
336264
336310
336358
336404
336452
336498
336546
336592
336638
336684
336732
336776
336820
336866
336910
336954
336998
337042
337088
337132
337178
337222
337268
337308
337350
337392
337436
337478
337520
337564
337606
337650
337692
337734
337780
337820
337864
337904
337948
337988
338034
338080
338124
338170
338212
338258
338300
338346
338392
338436
338482
338524
338570
338616
338662
338710
338758
338802
338850
338896
338942
338990
339036
339084
339130
339178
339224
339272
339318
339364
339412
339456
339500
339548
339592
339636
339680
339724
339768
339812
339860
339904
339948
339992
340032
340076
340120
340162
340206
340246
340290
340332
340376
340418
340462
340502
340546
340588
340632
340674
340718
340760
340800
340848
340892
340936
340980
341026
341070
341114
341158
341202
341248
341294
341342
341388
341436
341482
341528
341574
341622
341670
341716
341762
341808
341858
341902
341948
341996
342042
342090
342136
342182
342228
342272
342316
342360
342406
342450
342494
342540
342584
342632
342672
342714
342758
342802
342846
342888
342928
342974
343014
343058
343102
343144
343186
343228
343272
343314
343358
343400
343440
343484
343524
343570
343616
343660
343704
343750
343794
343838
343882
343928
343972
344020
344066
344110
344160
344206
344252
344300
344346
344392
344438
344486
344532
344580
344626
344670
344720
344764
344814
344858
344906
344952
344998
345044
345090
345132
345176
345222
345268
345310
345356
345402
345444
345488
345532
345572
345616
345660
345702
345746
345788
345830
345872
345916
345958
346002
346044
346088
346128
346172
346214
346258
346300
346340
346388
346430
346476
346520
346564
346612
346656
346700
346744
346788
346834
346882
346928
346976
347024
347070
347116
347164
347210
347254
347304
347350
347396
347444
347490
347536
347582
347630
347674
347722
347768
347812
347856
347900
347944
347992
348036
348080
348126
348170
348214
348256
348300
348342
348386
348428
348472
348514
348556
348598
348640
348684
348728
348770
348812
348852
348896
348940
348984
349026
349068
349112
349156
349202
349246
349294
349336
349380
349426
349470
349514
349560
349608
349654
349702
349748
349796
349842
349888
349936
349982
350028
350074
350122
350170
350214
350260
350308
350352
350402
350450
350492
350542
350584
350630
350672
350718
350762
350808
350852
350898
350942
350986
351030
351070
351114
351156
351200
351242
351284
351330
351370
351414
351454
351500
351540
351582
351626
351668
351712
351754
351796
351842
351882
351926
351972
352018
352060
352108
352150
352194
352242
352286
352330
352376
352424
352468
352516
352562
352610
352656
352704
352750
352794
352844
352888
352938
352982
353028
353076
353124
353172
353216
353264
353310
353354
353400
353444
353486
353532
353578
353622
353668
353712
353758
353800
353844
353886
353930
353972
354012
354058
354100
354146
354186
354228
354272
354314
354354
354396
354440
354482
354528
354570
354614
354654
354700
354744
354788
354834
354880
354926
354968
355012
355058
355100
355146
355194
355240
355286
355332
355380
355426
355474
355520
355568
355612
355660
355706
355754
355800
355848
355894
355940
355988
356032
356080
356124
356170
356214
356260
356306
356348
356392
356438
356482
356528
356568
356610
356656
356698
356742
356780
356824
356868
356910
356952
356996
357040
357080
357122
357166
357210
357254
357294
357338
357380
357424
357468
357512
357556
357600
357646
357690
357734
357780
357826
357870
357916
357962
358008
358054
358102
358150
358194
358242
358286
358336
358380
358426
358474
358520
358568
358614
358662
358708
358756
358802
358848
358894
358938
358982
359026
359072
359116
359162
359206
359250
359296
359338
359382
359424
359466
359510
359552
359596
359638
359682
359724
359766
359808
359852
359894
359938
359982
360022
360064
360108
360150
360192
360236
360280
360326
360370
360416
360460
360504
360552
360596
360640
360684
360730
360778
360824
360872
360918
360966
361012
361060
361106
361150
361196
361244
361290
361338
361386
361430
361480
361524
361572
361620
361664
361710
361756
361798
361844
361890
361932
361978
362024
362066
362110
362154
362198
362240
362284
362324
362368
362412
362452
362496
362538
362582
362624
362666
362712
362752
362796
362836
362882
362922
362964
363010
363056
363102
363144
363190
363232
363278
363322
363368
363412
363458
363504
363548
363594
363642
363688
363736
363782
363830
363876
363922
363968
364014
364060
364108
364154
364202
364248
364296
364342
364390
364434
364480
364526
364568
364614
364660
364704
364750
364792
364838
364880
364924
364966
365010
365052
365096
365138
365182
365224
365264
365310
365350
365396
365436
365480
365524
365566
365608
365650
365692
365734
365778
365822
365868
365912
365958
366002
366046
366090
366134
366180
366224
366270
366316
366364
366410
366456
366502
366550
366596
366644
366690
366738
366784
366830
366876
366924
366970
367018
367064
367110
367156
367204
367250
367296
367340
367382
367428
367474
367516
367562
367608
367650
367696
367740
367782
367826
367868
367912
367950
367998
368040
368080
368124
368166
368210
368252
368296
368336
368378
368424
368462
368508
368550
368594
368638
368684
368728
368772
368816
368860
368906
368950
368996
369040
369086
369132
369178
369226
369270
369318
369366
369412
369456
369504
369552
369598
369646
369692
369740
369782
369834
369878
369926
369970
370018
370064
370110
370154
370200
370242
370288
370334
370376
370422
370466
370510
370552
370594
370636
370680
370722
370766
370808
370852
370894
370936
370978
371022
371064
371108
371150
371194
371234
371278
371320
371364
371408
371452
371498
371542
371588
371632
371676
371720
371764
371812
371858
371900
371948
371994
372042
372088
372134
372180
372228
372274
372322
372368
372416
372460
372508
372554
372602
372650
372694
372740
372788
372834
372878
372922
372966
373010
373058
373102
373146
373190
373236
373280
373324
373366
373410
373452
373496
373538
373580
373622
373666
373708
373752
373794
373838
373880
373922
373964
374008
374050
374094
374136
374176
374222
374266
374314
374358
374402
374446
374490
374534
374580
374626
374672
374720
374766
374812
374858
374902
374952
375000
375046
375094
375138
375184
375232
375276
375326
375370
375420
375468
375512
375560
375602
375650
375694
375740
375784
375828
375874
375916
375962
376008
376048
376094
376136
376180
376222
376266
376308
376352
376392
376436
376478
376522
376564
376608
376650
376690
376736
376776
376820
376862
376904
376948
376994
377038
377082
377128
377172
377216
377260
377308
377350
377396
377442
377490
377534
377582
377630
377676
377722
377770
377816
377864
377910
377954
378000
378048
378096
378142
378188
378236
378282
378330
378374
378418
378464
378508
378552
378596
378642
378686
378730
378774
378818
378862
378906
378948
378990
379034
379078
379120
379162
379204
379248
379290
379332
379374
379418
379460
379504
379546
379590
379632
379674
379720
379766
379810
379854
379900
379944
379990
380034
380076
380122
380170
380216
380264
380308
380356
380404
380448
380494
380542
380590
380634
380684
380728
380776
380824
380870
380916
380964
381006
381054
381098
381144
381188
381232
381276
381322
381366
381412
381456
381500
381544
381586
381630
381672
381714
381756
381800
381844
381886
381928
381970
382014
382056
382098
382142
382182
382226
382270
382312
382356
382400
382444
382488
382532
382578
382622
382670
382712
382756
382802
382846
382892
382940
382986
383034
383080
383128
383174
383220
383266
383314
383360
383408
383454
383502
383548
383592
383642
383686
383736
383780
383826
383870
383916
383960
384006
384050
384096
384140
384182
384228
384272
384316
384358
384402
384444
384488
384530
384570
384616
384656
384702
384742
384786
384826
384872
384912
384956
385000
385040
385084
385126
385170
385212
385258
385300
385346
385392
385436
385482
385524
385570
385616
385662
385706
385752
385800
385846
385894
385940
385988
386032
386080
386126
386174
386220
386266
386312
386360
386406
386450
386500
386544
386594
386638
386684
386730
386776
386820
386866
386910
386956
386998
387044
387088
387130
387176
387218
387262
387304
387346
387388
387432
387474
387518
387560
387604
387646
387686
387730
387770
387816
387858
387902
387944
387986
388030
388074
388118
388162
388208
388252
388296
388342
388386
388430
388478
388522
388570
388616
388662
388708
388756
388804
388852
388896
388944
388990
389036
389082
389130
389176
389224
389268
389316
389362
389410
389456
389500
389546
389590
389636
389680
389724
389770
389812
389858
389900
389948
389988
390032
390072
390116
390158
390202
390244
390284
390330
390372
390416
390456
390502
390542
390586
390630
390670
390714
390756
390800
390844
390890
390932
390978
391022
391066
391112
391156
391200
391248
391294
391336
391384
391430
391478
391524
391572
391618
391666
391712
391760
391802
391852
391898
391944
391990
392038
392084
392132
392178
392226
392272
392316
392362
392404
392450
392496
392538
392584
392630
392674
392718
392762
392804
392848
392886
392932
392974
393016
393058
393102
393144
393188
393230
393274
393316
393360
393400
393444
393486
393530
393574
393618
393660
393706
393752
393794
393840
393882
393928
393974
394020
394064
394110
394156
394204
394250
394294
394344
394390
394436
394484
394530
394578
394622
394670
394716
394764
394810
394858
394904
394948
394994
395040
395086
395130
395176
395218
395266
395308
395354
395396
395442
395486
395528
395572
395614
395658
395700
395744
395786
395826
395870
395914
395956
395998
396040
396084
396126
396168
396210
396254
396298
396340
396384
396428
396472
396520
396564
396608
396652
396696
396740
396786
396830
396880
396924
396970
397018
397064
397112
397158
397206
397252
397300
397346
397390
397438
397484
397532
397580
397626
397670
397716
397764
397814
397856
397902
397944
397990
398036
398078
398124
398168
398214
398258
398302
398344
398386
398428
398472
398514
398558
398600
398642
398684
398728
398770
398814
398856
398898
398940
398982
399028
399068
399114
399154
399198
399244
399288
399332
399376
399422
399468
399512
399556
399600
399646
399694
399740
399786
399834
399880
399924
399974
400020
400066
400114
400158
400206
400252
400300
400346
400392
400438
400486
400532
400580
400624
400670
400716
400760
400806
400848
400894
400940
400984
401030
401074
401116
401158
401200
401244
401286
401330
401372
401414
401458
401500
401542
401586
401628
401670
401712
401758
401798
401840
401884
401926
401972
402014
402062
402106
402148
402194
402240
402286
402328
402374
402418
402466
402510
402558
402604
402652
402698
402742
402792
402838
402888
402932
402978
403026
403072
403120
403164
403212
403258
403306
403352
403396
403442
403486
403532
403574
403620
403666
403710
403754
403800
403844
403886
403926
403970
404012
404054
404098
404140
404182
404224
404268
404310
404354
404396
404440
404482
404524
404568
404608
404652
404696
404740
404784
404828
404872
404920
404964
405008
405052
405096
405142
405186
405232
405280
405326
405374
405418
405466
405512
405560
405606
405654
405700
405748
405794
405842
405888
405932
405980
406028
406074
406120
406164
406208
406254
406298
406342
406386
406434
406478
406522
406566
406610
406652
406698
406740
406784
406826
406866
406910
406952
406996
407038
407080
407124
407166
407210
407252
407294
407336
407380
407422
407466
407508
407554
407598
407642
407686
407732
407776
407818
407864
407910
407956
408002
408048
408096
408142
408186
408232
408280
408326
408374
408420
408468
408516
408562
408608
408652
408702
408748
408794
408842
408888
408936
408982
409024
409072
409116
409160
409204
409250
409294
409340
409382
409428
409472
409514
409556
409598
409642
409684
409726
409772
409812
409858
409898
409940
409982
410026
410068
410112
410154
410196
410240
410282
410326
410368
410416
410460
410504
410548
410592
410638
410682
410726
410772
410816
410862
410910
410958
411002
411048
411096
411142
411188
411238
411282
411328
411376
411422
411470
411516
411564
411610
411654
411704
411750
411796
411842
411884
411930
411976
412018
412066
412108
412154
412196
412244
412284
412328
412372
412414
412456
412498
412542
412586
412626
412672
412712
412756
412796
412840
412884
412926
412970
413012
413052
413094
413138
413186
413230
413274
413318
413362
413406
413454
413496
413540
413586
413634
413680
413726
413774
413820
413864
413910
413958
414008
414054
414100
414148
414192
414240
414286
414332
414380
414428
414474
414520
414566
414610
414654
414698
414742
414788
414832
414878
414922
414968
415012
415056
415098
415142
415184
415224
415270
415314
415354
415398
415440
415484
415526
415568
415610
415654
415696
415740
415782
415826
415868
415912
415956
416002
416046
416092
416136
416178
416224
416270
416312
416358
416404
416454
416498
416546
416592
416638
416686
416732
416778
416824
416872
416918
416966
417012
417060
417106
417150
417200
417244
417292
417336
417380
417424
417468
417512
417558
417604
417648
417692
417736
417780
417824
417864
417908
417950
417994
418036
418078
418120
418164
418206
418250
418292
418336
418378
418420
418462
418506
418548
418588
418634
418678
418726
418770
418814
418858
418902
418948
418994
419038
419082
419128
419176
419222
419270
419316
419362
419408
419456
419502
419550
419596
419642
419690
419734
419784
419828
419876
419920
419968
420016
420060
420104
420150
420194
420240
420284
420328
420372
420420
420462
420504
420550
420594
420634
420678
420722
420764
420806
420848
420892
420934
420976
421018
421062
421104
421148
421190
421232
421276
421318
421364
421408
421452
421494
421540
421586
421630
421676
421718
421766
421812
421854
421902
421948
421994
422042
422088
422134
422182
422226
422274
422322
422368
422414
422462
422508
422554
422602
422646
422696
422742
422786
422830
422874
422922
422966
423010
423054
423098
423144
423188
423234
423278
423320
423364
423406
423450
423490
423534
423576
423618
423662
423704
423746
423790
423832
423876
423918
423960
424002
424046
424090
424130
424174
424222
424266
424310
424354
424398
424444
424488
424532
424578
424622
424668
424714
424762
424810
424856
424902
424948
424996
425042
425090
425136
425184
425230
425274
425322
425370
425416
425464
425510
425554
425602
425646
425690
425734
425780
425824
425868
425914
425958
426002
426048
426090
426132
426176
426220
426262
426306
426344
426388
426432
426474
426520
426560
426604
426644
426688
426732
426774
426814
426860
426902
426946
426988
427032
427078
427122
427168
427214
427256
427302
427346
427394
427440
427486
427532
427580
427626
427672
427718
427766
427812
427860
427906
427954
428000
428046
428092
428140
428186
428234
428280
428326
428370
428414
428460
428504
428552
428592
428640
428682
428730
428774
428818
428860
428904
428946
428990
429032
429076
429116
429160
429202
429246
429286
429330
429372
429416
429458
429502
429542
429586
429628
429672
429716
429760
429804
429852
429894
429942
429982
430030
430074
430118
430164
430210
430254
430304
430348
430398
430442
430488
430536
430582
430630
430676
430724
430770
430814
430864
430910
430956
431004
431050
431098
431140
431186
431230
431274
431318
431366
431410
431454
431498
431542
431590
431630
431674
431716
431760
431800
431844
431888
431928
431972
432014
432056
432100
432142
432186
432228
432270
432312
432358
432400
432440
432484
432532
432576
432622
432666
432710
432754
432798
432842
432886
432934
432980
433026
433072
433120
433166
433214
433260
433304
433354
433400
433446
433494
433540
433588
433634
433680
433726
433774
433820
433868
433914
433958
434004
434046
434092
434136
434182
434226
434272
434316
434360
434404
434446
434488
434530
434574
434616
434660
434702
434742
434786
434828
434872
434912
434958
435000
435044
435084
435128
435172
435212
435256
435302
435346
435390
435436
435480
435524
435568
435612
435658
435702
435746
435794
435842
435888
435934
435980
436028
436074
436120
436168
436214
436262
436306
436356
436400
436446
436496
436542
436590
436636
436684
436728
436772
436818
436862
436908
436952
436998
437040
437086
437132
437174
437218
437260
437304
437346
437388
437430
437474
437514
437558
437602
437644
437686
437730
437774
437814
437858
437902
437944
437988
438030
438070
438116
438162
438204
438250
438294
438338
438382
438430
438474
438518
438564
438610
438656
438704
438750
438798
438844
438892
438938
438986
439032
439080
439126
439172
439218
439264
439312
439358
439406
439452
439498
439544
439586
439632
439674
439722
439768
439810
439856
439902
439946
439990
440032
440074
440118
440160
440202
440246
440290
440330
440374
440416
440460
440502
440546
440588
440630
440674
440714
440758
440802
440844
440888
440934
440978
441022
441068
441114
441156
441200
441246
441290
441336
441378
441426
441474
441520
441566
441614
441660
441704
441752
441800
441846
441894
441940
441986
442032
442080
442126
442170
442220
442266
442314
442358
442404
442448
442492
442538
442580
442626
442672
442716
442760
442802
442844
442888
442930
442974
443016
443060
443102
443146
443188
443228
443270
443314
443358
443400
443442
443486
443528
443572
443614
443654
443702
443746
443790
443834
443878
443926
443970
444014
444058
444104
444150
444198
444242
444290
444336
444384
444430
444478
444524
444568
444618
444664
444710
444758
