0
0
-2
40
29
-11
-21
-28
-31
-34
-54
-76
-77
-101
-112
-90
-100
-104
-100
-98
-114
-128
-128
-126
-126
-118
-91
-81
-46
-26
-16
21
39
76
93
117
121
128
121
116
87
48
57
33
-13
-36
-64
-77
-81
-104
-124
-128
-125
-127
-123
-105
-65
-39
38
74
109
120
127
128
121
96
50
-10
-69
-112
-128
-112
-69
-8
53
102
126
121
88
33
-26
-82
-119
-127
-108
-63
-6
54
101
126
123
93
42
-18
-73
-113
-128
-115
-76
-20
40
91
122
126
103
56
-3
-61
-106
-127
-120
-87
-35
26
80
117
128
111
70
13
-47
-96
-124
-125
-98
-49
11
67
110
128
118
82
27
-32
-85
-120
-127
-106
-62
-5
55
101
126
123
93
43
-17
-73
-113
-128
-115
-76
-20
40
92
122
126
103
56
-2
-61
-106
-127
-121
-87
-36
25
80
116
128
111
70
13
-47
-96
-124
-125
-98
-50
10
67
110
128
118
82
28
-32
-85
-120
-127
-107
-63
-5
55
100
126
123
93
42
-17
-73
-113
-128
-115
-76
-20
40
92
122
126
103
57
-2
-61
-106
-127
-121
-87
-36
25
80
117
128
111
70
14
-47
-95
-124
-125
-98
-49
11
68
110
128
118
82
28
-32
-85
-119
-127
-107
-63
-5
55
100
126
123
93
43
-17
-73
-113
-128
-115
-76
-20
40
90
122
126
103
57
-2
-61
-105
-127
-121
-87
-36
25
80
117
128
111
69
13
-46
-95
-124
-125
-98
-50
10
67
109
128
118
82
28
-32
-85
-119
-127
-107
-63
-6
54
101
126
123
93
43
-17
-74
-113
-128
-115
-76
-21
40
91
122
126
103
57
-2
-60
-104
-127
-121
-88
-37
25
79
116
128
111
69
13
-47
-96
-124
-125
-98
-50
10
67
109
128
118
82
28
-31
-85
-119
-127
-107
-64
-6
54
101
126
123
93
42
-17
-74
-113
-128
-115
-76
-21
40
90
122
126
103
57
-1
-60
-104
-127
-121
-89
-36
25
79
116
128
111
70
14
-47
-96
-124
-125
-98
-50
9
66
109
128
118
82
29
-31
-85
-119
-127
-107
-64
-7
54
100
126
123
94
44
-16
-73
-113
-128
-115
-76
-22
39
90
122
126
103
57
-1
-60
-104
-127
-121
-88
-36
25
80
116
128
111
71
14
-46
-96
-124
-125
-98
-51
9
65
109
128
118
82
29
-31
-85
-119
-127
-107
-64
-7
54
100
125
123
93
43
-16
-74
-113
-128
-115
-76
-22
39
90
122
126
103
57
-2
-61
-105
-127
-121
-89
-36
25
79
116
128
111
71
14
-46
-96
-124
-125
-99
-50
10
66
109
128
118
82
29
-31
-85
-119
-127
-107
-64
-8
52
100
125
123
93
44
-16
-72
-112
-128
-115
-76
-22
38
90
122
126
104
58
-1
-60
-104
-127
-121
-88
-37
25
80
116
128
112
71
14
-45
-95
-124
-125
-99
-51
9
65
109
128
118
82
28
-31
-85
-119
-127
-107
-64
-7
53
100
125
123
94
44
-16
-73
-113
-128
-115
-77
-22
39
90
122
127
104
58
-1
-59
-104
-127
-121
-89
-37
24
80
116
128
112
71
14
-45
-94
-124
-125
-99
-51
9
65
109
127
118
83
29
-31
-85
-119
-127
-107
-64
-8
52
100
125
123
94
44
-16
-73
-112
-128
-115
-78
-23
39
90
122
127
104
58
-1
-59
-104
-127
-121
-89
-37
24
78
116
128
112
71
14
-45
-95
-123
-125
-99
-52
9
65
109
127
118
83
30
-30
-84
-119
-127
-109
-65
-8
52
100
125
123
94
44
-16
-72
-112
-128
-115
-76
-22
39
90
121
127
104
58
-1
-59
-104
-127
-121
-89
-37
24
78
116
128
112
71
14
-45
-94
-123
-125
-100
-52
9
65
109
128
118
82
29
-31
-85
-119
-127
-108
-65
-8
52
100
125
123
94
45
-15
-72
-112
-128
-115
-77
-22
39
90
121
127
104
58
-1
-59
-104
-127
-121
-89
-36
23
78
116
128
112
72
15
-45
-95
-124
-125
-99
-52
8
65
109
128
118
84
30
-30
-84
-119
-127
-109
-65
-7
51
99
125
123
94
45
-15
-72
-112
-128
-115
-78
-23
38
89
121
127
104
58
-1
-59
-104
-127
-121
-89
-36
23
77
115
128
112
71
15
-44
-94
-123
-125
-99
-52
8
65
108
128
119
84
30
-29
-83
-119
-127
-109
-65
-7
51
99
125
123
95
45
-15
-72
-112
-128
-115
-78
-23
38
90
121
127
104
58
0
-59
-104
-127
-121
-89
-37
22
77
115
128
112
72
15
-44
-94
-123
-125
-100
-51
8
65
108
128
119
85
31
-29
-83
-119
-128
-109
-65
-8
51
99
125
123
95
45
-15
-72
-112
-128
-115
-78
-23
38
89
121
127
104
59
0
-58
-104
-127
-121
-89
-37
22
77
115
128
112
72
15
-45
-95
-123
-125
-100
-52
7
65
108
127
119
84
30
-29
-83
-118
-128
-109
-66
-8
51
99
125
123
95
45
-15
-71
-112
-128
-116
-78
-23
38
89
121
127
104
59
0
-58
-104
-126
-121
-89
-37
22
77
116
128
112
72
16
-44
-94
-123
-125
-100
-52
7
65
108
127
119
85
31
-29
-83
-119
-127
-108
-66
-8
51
99
125
124
95
45
-15
-72
-112
-128
-116
-78
-23
37
88
121
127
104
59
1
-58
-104
-126
-121
-89
-38
22
77
116
128
112
72
16
-44
-94
-123
-125
-100
-53
7
65
108
127
119
85
31
-29
-83
-119
-128
-108
-65
-7
51
99
125
124
95
46
-14
-71
-112
-128
-116
-79
-24
37
89
121
127
104
59
1
-58
-103
-126
-121
-90
-38
22
77
115
128
112
72
16
-44
-94
-123
-125
-100
-53
7
65
108
127
119
85
31
-28
-83
-118
-128
-108
-65
-8
51
99
125
124
95
45
-14
-70
-112
-128
-116
-79
-24
38
89
121
127
105
59
2
-57
-104
-127
-121
-90
-38
22
77
116
128
112
72
16
-44
-94
-123
-125
-100
-53
7
65
108
127
119
85
31
-29
-83
-118
-128
-109
-66
-9
50
99
125
124
95
46
-14
-71
-112
-128
-116
-79
-24
37
88
121
127
105
59
2
-57
-103
-126
-122
-89
-38
21
77
115
128
112
72
17
-43
-94
-123
-126
-100
-53
6
64
108
127
119
85
31
-28
-83
-118
-128
-109
-66
-9
50
99
125
124
95
46
-14
-71
-112
-128
-116
-79
-24
37
87
121
127
104
59
2
-57
-104
-127
-121
-90
-39
21
77
115
128
113
73
17
-43
-94
-123
-126
-100
-53
7
64
108
127
119
85
31
-29
-83
-118
-128
-109
-66
-9
50
99
125
124
96
46
-13
-70
-111
-128
-116
-79
-25
36
87
121
127
105
60
2
-57
-103
-126
-122
-90
-38
21
77
115
128
113
72
17
-43
-94
-123
-126
-100
-53
6
64
108
127
119
85
32
-28
-83
-118
-128
-109
-67
-9
50
99
125
124
95
46
-13
-70
-112
-128
-116
-79
-25
36
88
121
127
105
61
3
-57
-103
-126
-122
-91
-39
20
76
115
128
113
73
17
-43
-94
-123
-126
-100
-53
7
64
107
127
119
85
31
-29
-83
-118
-128
-110
-67
-8
50
98
125
124
96
46
-13
-70
-112
-128
-116
-79
-24
36
88
120
127
105
60
2
-57
-103
-126
-122
-91
-39
20
76
115
128
113
73
17
-42
-92
-123
-126
-101
-54
5
63
107
127
120
85
32
-28
-82
-118
-128
-110
-67
-10
49
98
125
124
96
47
-12
-70
-111
-128
-116
-79
-24
35
88
120
127
105
61
3
-57
-103
-126
-122
-91
-39
20
76
114
128
113
73
17
-42
-92
-123
-126
-101
-53
5
64
107
127
119
85
32
-28
-82
-118
-128
-109
-68
-10
49
98
125
124
96
46
-12
-70
-111
-128
-117
-79
-25
35
88
120
127
105
61
3
-57
-103
-126
-122
-91
-39
20
76
115
128
113
73
17
-42
-93
-123
-126
-101
-54
5
63
107
127
120
85
33
-28
-81
-117
-128
-110
-67
-10
49
98
125
124
96
46
-12
-70
-111
-128
-116
-79
-24
35
87
120
127
105
61
3
-56
-103
-126
-122
-91
-39
20
76
114
128
113
73
18
-42
-92
-123
-126
-101
-54
4
62
107
127
120
85
33
-28
-82
-118
-128
-109
-67
-9
49
98
125
124
96
46
-12
-70
-111
-128
-117
-80
-25
34
87
120
127
106
61
3
-56
-103
-126
-122
-91
-40
20
75
114
128
114
74
17
-42
-92
-123
-126
-101
-54
5
62
107
127
120
86
34
-28
-82
-117
-128
-110
-68
-10
48
98
125
124
96
46
-13
-69
-110
-128
-117
-80
-25
34
87
120
127
105
61
3
-55
-102
-126
-122
-91
-40
19
75
114
128
114
75
19
-41
-92
-123
-126
-101
-55
4
62
107
127
120
87
34
-27
-81
-117
-128
-109
-68
-11
47
97
125
124
97
47
-13
-69
-110
-128
-117
-81
-25
35
87
120
127
105
61
3
-55
-102
-126
-122
-91
-40
19
75
114
128
113
74
18
-41
-92
-123
-126
-101
-54
4
61
106
127
120
86
33
-28
-81
-117
-128
-109
-68
-11
48
97
124
124
97
47
-12
-68
-110
-128
-117
-81
-26
34
86
120
127
106
62
4
-54
-102
-126
-122
-91
-41
19
75
114
128
114
74
18
-41
-92
-122
-126
-101
-54
5
62
107
127
120
86
34
-27
-81
-117
-128
-110
-69
-11
48
97
124
124
97
47
-13
-69
-110
-128
-117
-80
-26
34
86
120
127
106
61
4
-55
-102
-126
-122
-92
-41
19
75
114
128
114
75
19
-41
-92
-122
-126
-102
-55
4
61
106
127
120
87
34
-28
-81
-117
-128
-110
-69
-11
48
97
125
124
97
48
-11
-68
-110
-128
-117
-81
-26
34
86
120
127
106
61
3
-55
-102
-126
-122
-92
-41
19
75
114
128
114
74
19
-41
-92
-122
-126
-101
-55
3
61
106
127
120
87
34
-27
-80
-117
-128
-110
-69
-11
48
97
124
124
97
47
-12
-68
-110
-128
-117
-81
-26
34
86
120
127
106
61
4
-55
-102
-126
-122
-91
-41
19
75
114
128
114
75
19
-40
-92
-122
-126
-102
-55
3
61
106
127
120
87
34
-27
-80
-117
-128
-110
-69
-11
48
97
124
125
97
49
-10
-67
-110
-128
-117
-82
-27
33
86
120
127
106
63
6
-55
-102
-126
-123
-92
-41
19
75
114
128
114
75
20
-40
-92
-122
-126
-103
-56
3
61
106
127
120
86
34
-26
-80
-117
-128
-110
-69
-12
48
97
124
125
97
48
-11
-68
-110
-128
-117
-81
-26
33
86
120
127
106
62
5
-55
-102
-126
-123
-92
-41
19
74
113
128
114
75
20
-40
-92
-122
-126
-102
-55
4
61
105
127
120
87
34
-26
-80
-117
-128
-110
-69
-12
48
96
124
125
97
49
-11
-67
-110
-128
-117
-81
-26
33
86
120
127
106
62
5
-55
-102
-126
-123
-92
-41
19
75
113
128
114
75
19
-40
-92
-122
-126
-103
-56
3
61
105
127
120
87
34
-26
-80
-117
-128
-110
-69
-12
47
96
124
125
97
49
-11
-67
-110
-128
-117
-82
-27
32
85
120
127
106
63
5
-55
-101
-126
-123
-92
-41
19
74
113
128
114
75
20
-40
-91
-122
-126
-102
-55
3
61
105
127
120
87
35
-26
-80
-117
-128
-110
-69
-13
47
96
124
125
97
49
-11
-68
-110
-128
-118
-82
-28
32
85
119
127
108
63
5
-55
-100
-126
-123
-93
-42
18
73
113
128
115
76
20
-40
-91
-122
-126
-103
-56
3
61
106
127
121
87
35
-25
-80
-117
-128
-111
-69
-13
47
96
124
125
98
50
-10
-67
-109
-128
-118
-82
-28
32
85
119
127
107
63
5
-55
-102
-126
-123
-93
-42
17
73
113
128
115
76
20
-40
-91
-122
-126
-103
-57
2
60
105
127
121
87
36
-25
-80
-117
-128
-110
-69
-13
47
96
124
125
97
49
-11
-68
-110
-128
-118
-82
-28
32
85
120
127
107
63
6
-54
-101
-126
-123
-93
-42
18
73
113
128
115
76
20
-39
-91
-122
-126
-103
-56
3
60
106
127
121
87
36
-25
-80
-117
-128
-111
-70
-13
46
95
124
125
98
49
-11
-67
-109
-128
-118
-82
-27
32
85
119
127
107
64
6
-54
-100
-126
-123
-93
-42
17
73
113
128
115
76
21
-39
-91
-122
-126
-103
-56
2
61
106
127
121
87
36
-25
-80
-116
-128
-111
-70
-13
47
95
124
125
98
50
-9
-67
-109
-128
-118
-82
-28
31
85
119
127
107
64
6
-54
-101
-126
-123
-93
-43
17
73
113
128
115
76
20
-39
-90
-122
-126
-103
-57
1
60
105
127
121
88
36
-25
-80
-116
-128
-111
-70
-13
46
95
124
125
98
51
-9
-67
-110
-128
-118
-82
-28
31
85
119
127
107
64
7
-53
-100
-126
-123
-93
-44
16
73
113
128
115
76
22
-39
-90
-122
-126
-103
-58
1
60
104
127
121
89
37
-24
-79
-116
-128
-111
-70
-13
46
95
124
125
99
50
-9
-66
-109
-128
-118
-82
-28
31
85
119
127
107
64
7
-53
-100
-125
-123
-93
-44
16
74
113
128
115
76
21
-39
-90
-122
-126
-103
-58
1
61
105
127
121
89
37
-24
-80
-116
-128
-111
-70
-13
46
96
124
125
99
51
-9
-66
-109
-128
-119
-83
-28
31
85
119
127
107
64
7
-54
-100
-125
-123
-93
-44
16
72
112
128
115
77
22
-39
-90
-122
-126
-103
-57
1
60
104
127
121
88
36
-25
-79
-116
-128
-112
-71
-14
46
96
124
125
99
51
-9
-65
-109
-128
-119
-82
-29
31
85
119
127
107
64
7
-52
-100
-125
-123
-93
-44
16
72
112
128
115
76
22
-39
-90
-122
-127
-104
-58
1
59
104
127
121
88
36
-25
-80
-116
-128
-112
-71
-14
46
95
124
125
99
51
-9
-66
-109
-128
-118
-82
-29
31
85
119
127
107
64
7
-53
-100
-126
-123
-94
-44
16
72
112
128
115
77
22
-39
-90
-122
-127
-104
-59
1
59
104
127
121
89
37
-24
-78
-116
-128
-112
-70
-14
46
96
124
125
99
51
-9
-65
-109
-128
-118
-83
-30
30
84
119
127
107
64
7
-53
-100
-125
-123
-94
-44
16
72
112
128
115
78
23
-38
-90
-121
-127
-104
-58
0
59
104
127
121
89
37
-23
-77
-115
-128
-112
-71
-14
45
95
123
125
100
51
-9
-65
-109
-127
-118
-83
-29
30
84
119
127
108
64
8
-52
-99
-125
-123
-95
-45
15
72
112
128
115
77
23
-38
-89
-121
-127
-104
-59
0
58
104
127
121
89
37
-23
-78
-116
-128
-112
-71
-14
46
95
124
125
100
52
-8
-65
-109
-128
-118
-84
-31
29
84
119
127
109
65
8
-52
-100
-125
-123
-94
-45
15
72
112
128
115
78
23
-38
-90
-121
-127
-104
-59
0
58
104
127
121
89
37
-23
-77
-115
-128
-112
-72
-15
45
95
124
125
100
52
-8
-65
-108
-127
-118
-83
-30
30
84
119
127
109
65
9
-52
-99
-125
-123
-95
-45
15
72
112
128
115
78
23
-38
-89
-121
-127
-104
-58
0
58
104
127
121
89
36
-23
-77
-115
-128
-112
-72
-15
45
94
123
125
100
52
-8
-65
-109
-127
-119
-84
-30
30
84
119
127
109
65
9
-51
-99
-125
-124
-95
-45
15
72
112
128
115
77
23
-38
-89
-121
-127
-104
-59
0
58
104
127
121
89
37
-23
-77
-115
-128
-112
-72
-15
45
94
123
125
100
52
-7
-65
-108
-128
-119
-85
-31
29
83
118
127
109
65
7
-51
-99
-125
-124
-95
-45
14
71
112
128
116
79
24
-37
-89
-121
-127
-104
-59
0
58
104
126
121
89
38
-22
-77
-115
-128
-112
