0
43
42
37
-26
36
9
-86
-21
-17
20
-18
-16
-99
-4
31
-8
-9
-29
-4
-3
56
51
47
-19
-97
-8
-88
2
-21
4
-20
30
-21
-54
-14
-48
-9
-6
-42
79
-44
-6
-41
-3
23
-3
20
-41
-1
84
-10
-43
-40
0
23
-2
22
19
-5
18
17
15
-10
-10
16
14
12
-12
12
11
11
-15
69
5
-79
11
-13
11
70
3
-80
-48
-10
-7
-43
-2
-38
25
-2
24
-4
-39
25
-62
89
77
72
4
41
-59
-52
-12
-47
-5
-7
18
16
-44
-5
-39
0
23
-2
21
-39
-2
1
24
20
-40
-1
24
20
-5
79
11
-73
-5
-41
-37
2
-34
5
88
-40
-1
-35
4
26
1
23
-37
2
1
25
22
-39
0
2
24
22
-40
-1
23
-62
28
24
-1
81
-44
-4
78
-12
14
12
-49
-8
-44
-3
20
-64
24
22
-3
-39
2
22
-1
22
-4
-38
22
-1
22
-39
-1
-35
4
85
-5
-40
0
-36
86
-43
-1
82
14
14
-13
-46
-7
19
53
-49
-43
-5
79
72
7
41
26
-24
-22
-55
8
-15
9
-51
-9
-45
-5
-5
-41
-35
2
27
1
24
82
-47
-5
-40
-1
81
74
-14
-51
-9
-44
-4
-39
22
-3
21
-3
-41
85
14
-9
15
14
-71
78
-11
13
11
10
46
4
5
5
-20
6
-54
-13
-11
-47
17
16
-10
-44
-4
19
54
-46
-42
-2
-3
-38
26
22
-2
81
-48
-5
78
-49
-9
-7
18
15
-45
-6
79
10
-72
17
15
-9
-44
-5
-40
1
-37
3
-32
5
6
-32
-26
10
93
-36
4
86
20
-6
17
17
14
-9
-11
-43
-39
-1
23
21
-5
-3
-39
-2
-35
3
-33
90
-38
1
2
-35
4
-31
89
81
16
-11
14
12
48
-52
70
-19
31
-19
-18
8
7
6
-76
12
47
-52
72
-19
8
6
5
40
26
-25
60
-3
-4
-26
-2
-24
0
-21
3
4
-20
-56
11
-15
11
-16
35
-15
7
-74
15
-67
-41
2
-2
-34
3
-32
30
27
2
0
-35
-32
7
30
4
27
82
18
15
-9
-10
-43
20
-66
25
-3
22
-3
-40
84
74
9
8
-16
67
-55
-16
-50
-9
-45
-4
76
13
-73
79
9
10
-14
9
-74
-43
-4
-3
21
18
-6
-41
20
-64
-33
5
-31
8
89
-37
2
-35
5
-32
8
88
0
-37
-34
6
-32
7
89
23
20
-5
78
-12
36
-15
68
-19
29
-21
6
41
-58
-54
-13
-46
-8
-6
41
-9
73
68
61
55
-34
-66
1
36
-61
1
39
-2
0
0
-25
1
1
-80
67
2
3
-22
4
3
-20
-19
-51
-49
-7
77
-50
-8
72
-14
-51
-8
38
-11
-13
15
11
12
-13
10
-48
-9
76
7
-15
8
68
3
37
-1
-1
-25
-58
65
-24
3
2
2
37
-61
4
-20
6
-53
-15
13
-13
12
9
-13
11
-50
-9
-9
-43
20
-63
-37
5
87
77
70
-53
-13
69
6
-78
-12
37
-15
-48
-9
75
-15
-49
74
8
42
28
-24
3
-80
10
-14
10
10
-15
10
-50
-10
-9
39
-11
-47
-6
-6
-39
-37
1
26
-1
24
-39
2
-1
-34
28
1
25
80
-43
-5
-39
-2
-35
4
83
79
11
11
-15
-48
-8
15
-69
-2
22
18
-41
-3
82
-12
16
12
71
66
-1
-24
2
61
55
49
-14
-96
57
50
46
40
37
35
30
28
24
24
19
20
17
16
14
12
12
8
11
9
8
6
6
5
6
6
3
4
3
4
3
2
3
2
2
2
2
1
2
1
1
2
0
2
-2
2
0
3
-1
1
0
1
-1
0
1
-1
2
-1
1
0
-1
2
-2
0
1
0
0
1
-2
1
1
0
0
0
2
-1
0
1
-1
2
-1
0
0
2
-1
0
-1
1
-1
1
0
0
0
0
1
-1
1
-1
0
1
0
1
-2
1
-2
1
-1
1
0
-1
1
0
0
1
-1
-1
0
1
-1
3
-1
1
0
-1
1
-1
0
0
0
0
1
-2
1
2
-1
0
-1
1
0
0
0
0
-1
0
1
0
1
-1
0
1
-1
0
0
1
0
0
0
1
0
-1
1
0
0
0
0
0
0
0
0
1
-1
0
0
0
0
1
-2
1
0
-1
1
-1
1
0
0
-1
1
-1
1
0
-1
2
-2
1
-2
1
0
-1
0
0
-1
1
0
0
0
2
-2
1
-2
3
-1
0
1
-1
2
-1
0
-1
3
-1
0
1
0
-1
0
0
-1
1
0
0
-1
0
1
-2
0
0
-1
0
0
1
-1
1
-2
1
0
2
-1
1
0
-1
0
0
0
0
1
-1
0
1
-1
-1
0
1
-1
2
-1
0
1
0
1
-1
0
0
0
0
1
0
0
1
-2
1
-1
1
0
1
-2
1
0
0
0
-1
3
-1
0
1
-1
-1
1
0
0
0
0
1
-1
1
-1
0
1
0
0
0
1
0
-1
-1
0
0
0
1
-1
0
1
0
-1
1
0
-1
1
0
0
-1
0
0
0
1
-2
1
0
1
0
0
-1
1
0
-1
3
-1
0
1
-1
1
-1
0
0
1
-1
1
0
-1
1
-1
0
0
1
-1
0
1
-1
-1
0
0
-1
1
0
0
1
-1
2
-2
0
1
0
-1
0
-2
1
-1
0
0
0
1
0
0
1
-1
0
0
0
-2
1
0
1
-1
0
2
-2
1
0
0
0
0
-1
2
1
-2
1
-1
2
-1
1
0
-1
-1
1
0
-1
3
-1
0
-2
1
-1
0
1
-1
1
0
0
1
0
1
-2
1
-2
2
-1
0
1
0
-1
1
0
0
1
0
0
-1
1
-1
1
0
0
1
-1
0
-1
1
-1
1
0
-1
1
0
0
0
0
0
0
0
0
1
-1
1
-1
0
0
0
0
-1
1
0
0
0
0
0
1
0
0
0
0
1
-2
1
1
-1
0
0
0
0
1
-1
1
-1
1
0
-1
1
0
0
1
-1
1
-1
0
-2
1
0
0
-1
1
-1
1
0
-1
1
0
0
-1
0
1
-1
0
-1
1
0
0
-1
2
0
-1
0
0
0
0
0
-1
1
0
1
0
-2
1
0
1
0
0
0
0
0
0
1
-2
1
-2
1
0
-1
1
0
1
-1
0
-1
1
-1
0
1
-1
2
-1
0
-1
1
-1
0
1
-2
1
0
0
1
-1
1
-2
1
0
0
0
0
0
0
1
-1
0
0
0
0
1
0
-1
1
0
0
-1
1
0
1
0
-1
1
-1
1
-2
1
0
0
1
-1
1
0
0
-1
1
0
0
0
1
1
-2
0
0
0
0
1
0
-1
-1
0
1
-1
2
-1
0
0
0
1
-2
0
1
-1
0
0
1
-1
0
-1
1
-1
1
0
1
-2
1
-1
0
0
-1
3
-1
1
-1
0
0
0
0
-2
2
-1
1
-1
0
1
-1
0
0
-1
0
0
0
0
-1
1
0
-2
3
-1
1
0
0
-1
0
0
0
0
0
1
0
-1
1
-2
1
0
1
-1
0
1
-1
1
-2
1
0
1
-1
1
0
-1
1
-2
1
0
0
0
1
-1
1
0
0
0
0
1
-1
0
0
0
0
-1
1
0
-1
0
0
0
0
0
0
0
0
2
-2
1
-1
1
-1
1
0
-1
3
-1
1
0
-1
0
1
0
0
1
-1
1
0
0
0
-1
1
-1
1
0
1
-2
1
-1
0
1
-1
2
-1
0
0
0
1
-2
1
0
-1
0
0
0
-1
-1
0
1
-1
1
-1
1
-1
1
0
-1
0
0
1
0
0
0
-1
1
0
0
0
0
-1
1
0
-1
0
1
0
0
1
-1
1
-1
0
-1
1
0
1
0
-1
0
1
-1
0
-1
1
-1
1
0
0
1
-1
0
1
0
0
0
0
1
-1
0
0
0
0
-1
1
0
0
-1
2
1
-1
0
0
1
-1
1
0
-1
0
0
1
1
-1
0
0
-1
0
2
-1
0
-1
2
-1
1
-2
1
1
-1
0
0
0
0
0
-1
1
2
-2
1
0
0
0
0
0
0
-1
0
1
-1
3
-2
0
0
0
-1
0
0
-1
1
0
1
-1
0
1
-1
0
0
1
-1
0
-2
2
-1
1
0
-2
1
1
1
0
-1
0
0
0
0
0
-1
0
1
-1
0
0
1
0
0
0
0
0
1
0
-1
1
0
2
-2
1
-2
1
2
-1
0
0
1
0
0
-1
0
-1
1
0
-2
1
1
1
-2
2
-1
1
0
0
-1
0
1
-2
1
-1
1
0
0
1
-1
0
1
-1
0
0
1
-1
0
0
0
0
-1
-1
1
0
0
0
0
1
0
-1
1
0
0
0
0
-1
0
-1
2
-1
0
1
-1
0
0
1
0
-1
2
-2
1
0
1
-2
0
1
0
-1
0
0
0
1
-1
0
1
-1
-1
0
1
-1
2
-1
1
0
-1
0
0
0
0
0
-1
1
0
0
0
-1
1
0
0
0
0
1
-1
0
0
0
0
0
0
0
1
0
0
0
0
0
0
0
1
0
-1
2
-1
0
-1
2
-1
1
0
0
-1
0
1
1
0
-1
1
0
0
0
0
0
0
1
-1
1
0
-1
-1
0
1
0
1
-1
0
-1
1
0
0
0
0
0
0
1
-1
1
0
-1
1
0
-1
0
0
0
0
-1
1
0
-1
2
-1
1
-2
2
-1
0
1
0
0
-1
0
-1
0
-1
1
0
0
0
1
0
1
-1
1
-1
0
0
2
-1
0
1
-1
0
-1
1
-1
1
0
1
0
-1
-1
0
1
-2
1
0
0
-1
0
0
1
0
-2
1
0
1
-1
0
-1
1
0
-1
1
0
1
-1
0
2
-2
1
-1
1
0
0
0
-1
1
-2
0
0
1
-1
0
-2
1
0
0
0
-1
3
-1
0
-1
0
0
-1
1
0
1
-1
0
0
-1
-1
0
0
0
1
-1
0
1
-1
1
-1
0
0
1
-2
0
1
-1
-1
1
0
-2
1
0
0
1
0
1
-2
1
-1
1
0
1
0
-1
0
0
0
-2
3
-1
1
-2
1
0
1
0
1
-1
0
1
-1
1
-1
1
0
0
-1
0
1
-1
0
1
0
0
0
2
-1
0
1
0
-1
0
1
0
1
-1
1
-2
1
1
-2
1
-1
2
-1
1
0
-1
0
1
0
0
0
0
0
1
-1
-1
0
1
0
1
-2
0
-1
1
2
-2
1
0
0
1
0
-2
1
0
0
1
-1
1
0
1
-2
1
1
0
0
0
0
0
1
-1
1
1
-1
0
0
0
-1
0
1
-1
2
-2
0
-1
3
-2
1
-1
0
1
-2
1
0
0
1
0
-1
1
0
0
1
1
1
-1
0
1
0
1
-2
1
-1
1
0
1
0
-1
-1
1
0
-1
2
-1
0
-1
1
0
0
0
0
0
0
0
0
1
1
-2
1
-2
3
-1
0
0
0
1
-1
1
-1
2
-1
1
-1
0
-1
1
0
-1
1
0
0
-1
1
1
-1
0
-1
2
-1
0
-1
1
-1
0
1
-1
0
0
1
-1
0
-1
1
0
0
0
0
1
-1
0
-1
0
1
0
1
0
0
1
-1
0
0
0
0
2
-1
1
0
-1
-1
0
0
1
0
-1
0
-1
1
0
0
0
-1
2
-1
0
0
1
1
-2
1
-1
1
0
0
0
0
-1
0
1
0
1
-1
0
1
-1
0
0
1
0
1
-1
1
0
-1
1
-2
1
0
0
0
1
0
-1
0
0
1
-1
1
0
0
-1
0
1
-2
1
0
2
-1
1
0
-1
1
-1
0
0
1
-1
1
0
0
-1
0
0
0
2
-1
1
0
-1
0
0
0
1
0
0
1
0
-1
1
-1
0
0
1
-1
0
1
-1
1
-2
0
0
1
0
0
1
-1
0
0
0
-1
1
0
0
1
-1
0
0
1
1
0
-1
0
1
-1
-1
1
0
0
0
0
0
-1
1
-1
0
1
-1
1
0
0
1
0
-1
0
0
-1
2
-1
0
1
0
-1
0
1
-2
3
-1
0
0
1
1
-1
0
0
0
0
1
0
-1
0
1
0
-1
2
-1
0
0
0
0
-1
1
-2
3
-1
1
0
-1
-1
0
1
-1
1
0
0
1
-1
-1
0
1
-1
2
-1
0
-2
2
0
-1
1
-1
2
-1
1
0
-1
1
-1
1
0
0
0
1
-1
1
-1
1
0
-2
1
0
1
-1
0
-1
0
1
0
0
0
1
0
-1
2
-2
1
-2
1
1
0
1
-1
0
1
0
-1
3
-2
1
0
-1
2
-2
1
0
1
-1
0
-1
1
-1
0
1
-1
1
0
0
0
0
-1
0
1
-2
2
-1
1
-2
1
0
0
0
-2
3
-2
0
1
-1
-1
1
0
0
1
-1
1
-1
0
-1
1
0
0
0
0
0
0
1
-1
0
1
-1
0
0
0
0
0
0
0
0
0
2
-1
0
-1
1
-1
0
1
0
0
-1
0
1
-1
0
-1
0
-1
3
-2
1
0
-1
0
0
1
0
0
0
1
-2
1
-1
0
0
1
0
-1
0
1
0
0
0
0
0
0
-1
1
0
-1
1
-1
0
-2
3
-2
1
-1
0
1
0
0
0
1
-1
0
0
0
0
0
0
0
1
-1
0
0
-1
-1
0
1
0
-1
0
0
0
0
-1
0
1
-1
1
0
0
1
0
0
-1
1
-1
3
-1
0
0
-1
0
-1
1
-1
3
-1
1
0
0
0
0
0
0
0
0
0
-1
2
1
-2
1
0
0
0
1
0
-1
0
0
0
1
-1
0
0
-1
0
-1
1
0
-1
1
0
0
1
-1
-1
0
0
-1
1
0
0
0
-1
0
0
1
0
1
-1
1
0
-1
0
-1
1
-1
1
0
0
-1
0
0
0
1
-1
1
-1
0
0
0
2
-2
1
0
0
-1
1
0
0
-1
0
1
0
1
-2
0
1
-1
1
-1
0
0
0
0
0
-1
2
-1
0
0
0
0
0
0
1
0
-1
0
1
-1
2
-1
0
0
-1
0
0
1
0
1
-1
0
-1
1
0
1
0
0
-1
0
0
1
-1
-1
1
0
0
0
0
1
0
-1
0
1
0
-2
1
0
1
0
-1
2
-2
1
-1
3
-1
1
-1
1
1
-1
0
0
1
-2
0
-1
2
0
0
0
0
0
0
0
1
0
-1
1
0
-1
1
0
1
0
-1
0
1
0
-1
1
1
0
-1
0
-1
1
0
-1
1
0
1
-2
2
0
0
0
-1
2
-1
0
1
-1
-1
1
0
0
0
0
1
0
-1
1
-2
1
-1
1
0
1
-1
0
-1
0
0
-1
1
0
1
0
-1
2
-2
1
0
1
-1
0
1
-1
0
1
0
0
1
0
0
-1
1
-1
1
0
0
0
0
0
0
-1
1
-1
0
-1
1
0
0
1
-1
1
-2
1
0
0
0
0
1
0
-1
1
0
0
2
-2
0
1
-1
2
-2
1
0
0
0
0
-1
1
1
0
0
0
1
-1
1
-2
2
-1
0
