0.5 0.0
0.49992384757819563 0.008726203218641756
0.4996954135095479 0.017449748351250485
0.49931476737728697 0.026167978121471914
0.49878202512991215 0.03487823687206265
0.4980973490458728 0.04357787137382909
0.4972609476841367 0.05226423163382674
0.4962730758206611 0.060934671702573745
0.4951340343707853 0.06958655048003273
0.493844170297569 0.07821723252011545
0.4924038765061042 0.0868240888334652
0.49081359172383215 0.09540449768827243
0.489073800366903 0.1039558454088797
0.48718503239261784 0.11247552717193253
0.4851478631379985 0.1209609477998339
0.48296291314453443 0.12940952255126043
0.4806308479691597 0.13781867790849966
0.47815237798151805 0.14618585236136847
0.4755282581475771 0.1545084971874738
0.47275928779965876 0.16278407722857843
0.46984631039295455 0.17101007166283447
0.46679021324860126 0.17918397477265025
0.4635919272833941 0.18730329670795612
0.4602524267262206 0.195365564244637
0.4567727288213009 0.20336832153790024
0.4531538935183254 0.21130913087034986
0.4493970231495839 0.21918557339453887
0.4455032620941844 0.22699524986977357
0.44147379642946394 0.23473578139294557
0.43730985356969837 0.2424048101231687
0.4330127018922198 0.2500000000000002
0.4285836503510566 0.25751903745502736
0.4240240480782134 0.26495963211660273
0.41933528397271247 0.2723195175075138
0.4145187862775213 0.27959645173537373
0.40957602214449634 0.2867882181755234
0.4045084971874741 0.29389262614623696
0.39931775502364686 0.3009075115760246
0.39400537680336145 0.3078307376628296
0.38857298072848595 0.3146601955249192
0.38302222155948956 0.3213938048432701
0.3773547901113865 0.3280295144952541
0.3715724127386976 0.33456530317942956
0.3656768508095858 0.34099918003124974
0.3596699001693261 0.3473291852294991
0.3535533905932743 0.3535533905932743
0.3473291852294992 0.3596699001693261
0.3409991800312498 0.3656768508095858
0.3345653031794297 0.3715724127386977
0.3280295144952542 0.3773547901113866
0.3213938048432702 0.3830222215594897
0.31466019552491925 0.3885729807284861
0.30783073766282965 0.3940053768033617
0.30090751157602463 0.39931775502364714
0.293892626146237 0.40450849718747445
0.2867882181755235 0.4095760221444967
0.2795964517353739 0.41451878627752164
0.27231951750751404 0.41933528397271286
0.264959632116603 0.4240240480782138
0.25751903745502763 0.428583650351057
0.25000000000000056 0.4330127018922202
0.24240481012316906 0.4373098535696988
0.23473578139294593 0.44147379642946444
0.22699524986977393 0.4455032620941849
0.21918557339453923 0.44939702314958446
0.21130913087035025 0.45315389351832597
0.20336832153790063 0.45677272882130143
0.19536556424463739 0.4602524267262212
0.18730329670795653 0.4635919272833947
0.17918397477265063 0.46679021324860187
0.17101007166283483 0.4698463103929552
0.1627840772285788 0.4727592877996595
0.15450849718747414 0.4755282581475779
0.14618585236136877 0.4781523779815189
0.13781867790849997 0.48063084796916056
0.12940952255126076 0.4829629131445353
0.12096094779983424 0.48514786313799946
0.11247552717193285 0.48718503239261884
0.10395584540888 0.48907380036690407
0.09540449768827272 0.49081359172383326
0.08682408883346547 0.49240387650610534
0.07821723252011571 0.4938441702975702
0.06958655048003298 0.4951340343707865
0.060934671702573974 0.4962730758206624
0.052264231633826944 0.49726094768413803
0.04357787137382927 0.49809734904587416
0.03487823687206282 0.49878202512991354
0.026167978121472063 0.49931476737728836
0.01744974835125061 0.49969541350954927
0.008726203218641856 0.499923847578197
7.632783294297951e-17 0.5000000000000014
-0.008726203218641706 0.4999238475781971
-0.01744974835125046 0.4996954135095493
-0.026167978121471917 0.4993147673772884
-0.03487823687206268 0.4987820251299136
-0.04357787137382914 0.4980973490458742
-0.05226423163382682 0.49726094768413814
-0.06093467170257385 0.49627307582066255
-0.06958655048003286 0.49513403437078674
-0.0782172325201156 0.49384417029757044
-0.08682408883346537 0.4924038765061056
-0.09540449768827264 0.4908135917238336
-0.10395584540887993 0.48907380036690445
-0.1124755271719328 0.48718503239261923
-0.12096094779983418 0.4851478631379999
-0.12940952255126073 0.4829629131445358
-0.1378186779085 0.4806308479691611
-0.1461858523613688 0.47815237798151944
-0.15450849718747417 0.4755282581475785
-0.16278407722857882 0.4727592877996601
-0.17101007166283488 0.4698463103929559
-0.1791839747726507 0.4667902132486026
-0.1873032967079566 0.46359192728339543
-0.19536556424463747 0.4602524267262219
-0.20336832153790074 0.4567727288213022
-0.2113091308703504 0.45315389351832674
-0.21918557339453942 0.44939702314958524
-0.22699524986977415 0.44550326209418567
-0.23473578139294618 0.4414737964294652
-0.24240481012316933 0.43730985356969965
-0.25000000000000083 0.4330127018922211
-0.25751903745502797 0.4285836503510579
-0.2649596321166034 0.4240240480782147
-0.2723195175075145 0.41933528397271375
-0.2795964517353744 0.41451878627752253
-0.2867882181755241 0.40957602214449756
-0.2938926261462376 0.40450849718747534
-0.30090751157602524 0.399317755023648
-0.30783073766283026 0.3940053768033626
-0.31466019552491986 0.38857298072848706
-0.3213938048432708 0.3830222215594906
-0.3280295144952548 0.37735479011138756
-0.3345653031794303 0.3715724127386987
-0.34099918003125046 0.3656768508095868
-0.3473291852294999 0.3596699001693271
-0.35355339059327506 0.3535533905932753
-0.35966990016932693 0.3473291852295001
-0.3656768508095866 0.34099918003125074
-0.3715724127386985 0.33456530317943056
-0.37735479011138745 0.3280295144952551
-0.3830222215594905 0.32139380484327107
-0.38857298072848695 0.3146601955249201
-0.39400537680336256 0.3078307376628305
-0.3993177550236481 0.30090751157602547
-0.40450849718747545 0.29389262614623785
-0.4095760221444977 0.28678821817552436
-0.41451878627752264 0.27959645173537473
-0.41933528397271386 0.2723195175075149
-0.42402404807821487 0.2649596321166038
-0.42858365035105805 0.2575190374550284
-0.43301270189222124 0.2500000000000013
-0.43730985356969987 0.24240481012316978
-0.4414737964294655 0.23473578139294662
-0.44550326209418595 0.2269952498697746
-0.4493970231495855 0.2191855733945399
-0.4531538935183271 0.2113091308703509
-0.45677272882130254 0.20336832153790124
-0.4602524267262223 0.195365564244638
-0.4635919272833959 0.18730329670795712
-0.4667902132486031 0.1791839747726512
-0.46984631039295643 0.17101007166283538
-0.4727592877996607 0.16278407722857932
-0.4755282581475791 0.15450849718747467
-0.4781523779815201 0.14618585236136927
-0.4806308479691618 0.13781867790850044
-0.48296291314453654 0.1294095225512612
-0.4851478631380007 0.12096094779983466
-0.48718503239262007 0.11247552717193325
-0.48907380036690534 0.10395584540888039
-0.49081359172383454 0.09540449768827308
-0.4924038765061066 0.08682408883346582
-0.4938441702975715 0.07821723252011605
-0.4951340343707878 0.06958655048003329
-0.49627307582066366 0.06093467170257426
-0.49726094768413936 0.05226423163382721
-0.4980973490458755 0.04357787137382951
-0.4987820251299149 0.03487823687206303
-0.4993147673772897 0.02616797812147225
-0.4996954135095506 0.017449748351250773
-0.49992384757819835 0.008726203218641995
-0.5000000000000028 1.9081958235744878e-16
-0.4999238475781984 -0.008726203218641614
-0.49969541350955066 -0.01744974835125039
-0.49931476737728975 -0.02616797812147187
-0.49878202512991493 -0.03487823687206265
-0.49809734904587555 -0.04357787137382914
-0.4972609476841395 -0.05226423163382684
-0.4962730758206639 -0.0609346717025739
-0.49513403437078807 -0.06958655048003293
-0.49384417029757177 -0.07821723252011568
-0.49240387650610695 -0.08682408883346548
-0.49081359172383493 -0.09540449768827278
-0.4890738003669058 -0.1039558454088801
-0.48718503239262057 -0.11247552717193299
-0.48514786313800123 -0.1209609477998344
-0.48296291314453715 -0.12940952255126098
-0.48063084796916244 -0.13781867790850025
-0.47815237798152077 -0.14618585236136908
-0.4755282581475798 -0.15450849718747448
-0.4727592877996614 -0.16278407722857915
-0.4698463103929572 -0.17101007166283524
-0.4667902132486039 -0.17918397477265108
-0.46359192728339677 -0.187303296707957
-0.4602524267262232 -0.1953655642446379
-0.45677272882130343 -0.20336832153790121
-0.45315389351832797 -0.2113091308703509
-0.44939702314958646 -0.21918557339453992
-0.4455032620941869 -0.22699524986977468
-0.44147379642946644 -0.23473578139294674
-0.43730985356970087 -0.24240481012316992
-0.4330127018922223 -0.25000000000000144
-0.4285836503510591 -0.25751903745502863
-0.4240240480782159 -0.26495963211660406
-0.41933528397271497 -0.2723195175075152
-0.41451878627752375 -0.2795964517353752
-0.4095760221444988 -0.2867882181755249
-0.40450849718747656 -0.2938926261462385
-0.39931775502364925 -0.30090751157602613
-0.3940053768033638 -0.30783073766283114
-0.3885729807284882 -0.3146601955249208
-0.3830222215594918 -0.3213938048432718
-0.3773547901113887 -0.3280295144952558
-0.37157241273869984 -0.3345653031794313
-0.36567685080958795 -0.34099918003125146
-0.35966990016932826 -0.3473291852295009
-0.3535533905932764 -0.3535533905932761
-0.34732918522950124 -0.359669900169328
-0.34099918003125185 -0.36567685080958773
-0.3345653031794317 -0.3715724127386997
-0.3280295144952562 -0.3773547901113886
-0.3213938048432722 -0.38302222155949167
-0.3146601955249212 -0.3885729807284881
-0.30783073766283153 -0.3940053768033637
-0.30090751157602647 -0.39931775502364925
-0.29389262614623884 -0.4045084971874766
-0.28678821817552524 -0.40957602214449884
-0.27959645173537556 -0.4145187862775238
-0.27231951750751565 -0.419335283972715
-0.26495963211660456 -0.42402404807821603
-0.25751903745502913 -0.4285836503510593
-0.250000000000002 -0.43301270189222246
-0.24240481012317047 -0.4373098535697011
-0.2347357813929473 -0.4414737964294667
-0.22699524986977523 -0.4455032620941872
-0.2191855733945405 -0.44939702314958685
-0.21130913087035147 -0.4531538935183284
-0.2033683215379018 -0.4567727288213039
-0.19536556424463852 -0.46025242672622363
-0.18730329670795762 -0.4635919272833972
-0.1791839747726517 -0.4667902132486044
-0.17101007166283586 -0.46984631039295777
-0.16278407722857977 -0.47275928779966203
-0.15450849718747509 -0.47552825814758043
-0.1461858523613697 -0.47815237798152144
-0.13781867790850086 -0.48063084796916317
-0.1294095225512616 -0.48296291314453793
-0.12096094779983502 -0.48514786313800207
-0.11247552717193358 -0.48718503239262145
-0.1039558454088807 -0.48907380036690673
-0.09540449768827336 -0.49081359172383593
-0.08682408883346607 -0.492403876506108
-0.07821723252011627 -0.4938441702975729
-0.0695865504800335 -0.4951340343707892
-0.060934671702574446 -0.49627307582066504
-0.052264231633827374 -0.49726094768414075
-0.04357787137382965 -0.4980973490458769
-0.03487823687206315 -0.49878202512991626
-0.026167978121472348 -0.4993147673772911
-0.017449748351250845 -0.499695413509552
-0.008726203218642044 -0.49992384757819974
-2.1684043449710089e-16 -0.5000000000000041
0.00872620321864161 -0.49992384757819974
0.017449748351250412 -0.499695413509552
0.026167978121471914 -0.4993147673772911
0.03487823687206272 -0.49878202512991626
0.04357787137382923 -0.4980973490458769
0.05226423163382695 -0.4972609476841408
0.06093467170257403 -0.4962730758206652
0.06958655048003308 -0.49513403437078934
0.07821723252011586 -0.49384417029757305
0.08682408883346568 -0.49240387650610823
0.09540449768827299 -0.4908135917238362
0.10395584540888032 -0.48907380036690706
0.11247552717193322 -0.48718503239262184
0.12096094779983467 -0.4851478631380025
0.12940952255126126 -0.48296291314453843
0.13781867790850055 -0.4806308479691637
0.1461858523613694 -0.47815237798152205
0.15450849718747484 -0.47552825814758104
0.16278407722857954 -0.47275928779966264
0.17101007166283566 -0.46984631039295843
0.17918397477265152 -0.46679021324860515
0.18730329670795748 -0.463591927283398
0.1953655642446384 -0.4602524267262244
0.20336832153790171 -0.45677272882130465
0.2113091308703514 -0.4531538935183292
0.21918557339454048 -0.4493970231495877
0.22699524986977526 -0.4455032620941881
0.23473578139294735 -0.4414737964294676
0.24240481012317053 -0.437309853569702
0.2500000000000021 -0.4330127018922234
0.2575190374550293 -0.4285836503510602
0.2649596321166048 -0.42402404807821703
0.27231951750751593 -0.419335283972716
0.2795964517353759 -0.4145187862775248
0.28678821817552563 -0.40957602214449984
0.29389262614623923 -0.4045084971874776
0.30090751157602685 -0.3993177550236503
0.3078307376628319 -0.39400537680336484
0.3146601955249216 -0.3885729807284893
0.32139380484327257 -0.38302222155949284
0.3280295144952566 -0.3773547901113898
0.3345653031794321 -0.37157241273870084
0.34099918003125235 -0.36567685080958895
0.3473291852295018 -0.3596699001693292
0.353553390593277 -0.35355339059327734
0.35966990016932887 -0.3473291852295022
0.3656768508095886 -0.34099918003125274
0.37157241273870056 -0.33456530317943256
0.3773547901113895 -0.328029514495257
0.3830222215594926 -0.32139380484327296
0.3885729807284891 -0.31466019552492197
0.3940053768033647 -0.3078307376628323
0.39931775502365024 -0.30090751157602724
0.4045084971874776 -0.29389262614623957
0.40957602214449984 -0.28678821817552597
0.4145187862775248 -0.2795964517353763
0.419335283972716 -0.2723195175075164
0.42402404807821703 -0.2649596321166053
0.4285836503510603 -0.25751903745502985
0.4330127018922235 -0.25000000000000266
0.43730985356970214 -0.2424048101231711
0.44147379642946777 -0.23473578139294793
0.4455032620941883 -0.22699524986977584
0.4493970231495879 -0.2191855733945411
0.45315389351832946 -0.21130913087035202
0.456772728821305 -0.20336832153790235
0.46025242672622474 -0.19536556424463905
0.4635919272833983 -0.18730329670795812
0.46679021324860553 -0.17918397477265216
0.46984631039295893 -0.1710100716628363
0.4727592877996632 -0.1627840772285802
0.4755282581475816 -0.1545084971874755
0.4781523779815226 -0.14618585236137008
0.48063084796916433 -0.13781867790850122
0.4829629131445391 -0.12940952255126192
0.48514786313800323 -0.12096094779983534
0.4871850323926227 -0.11247552717193389
0.48907380036690795 -0.10395584540888098
0.49081359172383715 -0.09540449768827362
0.49240387650610923 -0.08682408883346632
0.4938441702975741 -0.07821723252011649
0.4951340343707904 -0.06958655048003369
0.49627307582066627 -0.06093467170257462
0.497260947684142 -0.052264231633827526
0.4980973490458781 -0.043577871373829784
0.4987820251299175 -0.03487823687206326
0.4993147673772923 -0.026167978121472438
0.4996954135095532 -0.017449748351250915
0.49992384757820096 -0.008726203218642092
