64 0
64 1
64 2
64 3
64 4
64 6
64 7
64 8
63 9
63 10
63 11
63 12
63 13
62 14
62 15
62 17
62 18
61 19
61 20
61 21
60 22
60 23
59 24
59 25
58 26
58 27
58 28
57 29
57 30
56 31
55 32
55 33
54 34
54 35
53 36
52 37
52 38
51 39
50 39
50 40
49 41
48 42
48 43
47 44
46 44
45 45
44 46
44 47
43 48
42 48
41 49
40 50
39 50
39 51
38 52
37 52
36 53
35 54
34 54
33 55
32 55
31 56
30 57
29 57
28 58
27 58
26 58
25 59
24 59
23 60
22 60
21 61
20 61
19 61
18 62
17 62
15 62
14 62
13 63
12 63
11 63
10 63
9 63
8 64
7 64
6 64
4 64
3 64
2 64
1 64
0 64
1 64
2 64
3 64
4 64
6 64
7 64
8 64
9 63
10 63
11 63
12 63
13 63
14 62
15 62
17 62
18 62
19 61
20 61
21 61
22 60
23 60
24 59
25 59
26 58
27 58
28 58
29 57
30 57
31 56
32 55
33 55
34 54
35 54
36 53
37 52
38 52
39 51
39 50
40 50
41 49
42 48
43 48
44 47
44 46
45 45
46 44
47 44
48 43
48 42
49 41
50 40
50 39
51 39
52 38
52 37
53 36
54 35
54 34
55 33
55 32
56 31
57 30
57 29
58 28
58 27
58 26
59 25
59 24
60 23
60 22
61 21
61 20
61 19
62 18
62 17
62 15
62 14
63 13
63 12
63 11
63 10
63 9
64 8
64 7
64 6
64 4
64 3
64 2
64 1
64 0
64 1
64 2
64 3
64 4
64 6
64 7
64 8
63 9
63 10
63 11
63 12
63 13
62 14
62 15
62 17
62 18
61 19
61 20
61 21
60 22
60 23
59 24
59 25
58 26
58 27
58 28
57 29
57 30
56 31
55 32
55 33
54 34
54 35
53 36
52 37
52 38
51 39
50 39
50 40
49 41
48 42
48 43
47 44
46 44
45 45
44 46
44 47
43 48
42 48
41 49
40 50
39 50
39 51
38 52
37 52
36 53
35 54
34 54
33 55
32 55
31 56
30 57
29 57
28 58
27 58
26 58
25 59
24 59
23 60
22 60
21 61
20 61
19 61
18 62
17 62
15 62
14 62
13 63
12 63
11 63
10 63
9 63
8 64
7 64
6 64
4 64
3 64
2 64
1 64
0 64
1 64
2 64
3 64
4 64
6 64
7 64
8 64
9 63
10 63
11 63
12 63
13 63
14 62
15 62
17 62
18 62
19 61
20 61
21 61
22 60
23 60
24 59
25 59
26 58
27 58
28 58
29 57
30 57
31 56
32 55
33 55
34 54
35 54
36 53
37 52
38 52
39 51
39 50
40 50
41 49
42 48
43 48
44 47
44 46
45 45
46 44
47 44
48 43
48 42
49 41
50 40
50 39
51 39
52 38
52 37
53 36
54 35
54 34
55 33
55 32
56 31
57 30
57 29
58 28
58 27
58 26
59 25
59 24
60 23
60 22
61 21
61 20
61 19
62 18
62 17
62 15
62 14
63 13
63 12
63 11
63 10
63 9
64 8
64 7
64 6
64 4
64 3
64 2
64 1
