0 0
0 0
73 59
-11 -125
-19 -92
39 17
-25 34
-37 85
-42 7
72 60
94 6
-93 -6
-103 -73
-93 6
-34 87
67 -66
111 61
-89 -88
-93 3
-41 11
44 -83
27 89
-89 28
-13 41
23 -35
-86 -93
-122 30
-19 125
-61 -72
-41 -85
-22 -36
-42 2
10 94
51 79
54 -114
14 -92
-22 -35
118 -44
-41 -84
-75 -55
57 75
-87 -90
34 -26
59 72
-125 -6
-40 -11
-24 91
72 60
-89 27
109 63
-83 42
101 -74
-3 94
-81 46
-124 -22
-102 -74
-63 -109
31 -88
41 13
-29 32
2 94
-42 -6
6 -93
-27 91
125 -15
-4 -94
-90 26
-74 -58
27 123
-78 -54
119 43
-34 -25
32 -28
50 116
125 2
-66 -66
32 28
-93 -13
-38 -86
-114 -55
41 -83
-9 -41
-80 -49
-70 62
-19 38
38 86
93 13
-91 23
-42 -84
-19 -38
41 -5
94 -11
-11 94
-81 48
90 -27
14 -92
42 7
-54 -77
15 93
42 4
43 84
-102 72
76 55
27 -33
-8 -93
69 -64
124 23
37 21
-39 17
33 88
26 -32
-72 -103
55 77
-44 118
-94 -84
10 41
-73 -59
-27 32
-38 85
114 -54
84 -40
-61 -71
-80 -96
42 -8
-1 -94
-94 83
73 102
-16 -40
42 -1
-17 -92
-38 -19
-116 -49
-91 -19
-50 -116
33 -88
40 13
81 -97
78 52
10 -125
-94 -4
-92 -85
119 -40
124 26
25 -34
9 94
-42 4
-63 -70
79 -98
81 -97
-41 12
28 89
24 -35
-25 90
-56 75
42 84
-71 60
-102 -74
-54 77
4 -42
81 -49
-31 87
-84 41
-22 36
93 -15
-89 -31
-18 38
90 90
40 -15
11 -41
-22 91
34 -26
42 3
-65 107
-92 17
24 -123
29 30
10 -93
-23 -91
-91 -21
40 -11
42 7
36 87
-102 74
23 -123
-29 32
60 -72
42 7
28 -32
-48 80
63 -69
32 -28
13 -93
-42 2
-52 115
50 -80
-57 74
5 126
-15 -92
36 23
24 91
46 117
76 55
22 -36
-49 81
-13 -40
-72 -60
-93 -6
85 -39
-28 -32
-41 8
-10 40
-24 34
21 -92
-91 -22
-71 -62
-90 -22
-94 -3
-92 -21
-124 -26
-28 31
40 -14
31 89
81 -47
92 87
-39 16
-14 125
79 -51
32 28
-12 92
-58 73
100 76
61 -71
23 125
-92 15
37 20
27 90
113 -55
34 88
-112 -58
-43 84
58 74
-42 -5
93 -3
35 -22
-57 74
-57 112
-87 32
70 106
-12 -41
-29 -89
-60 -72
-21 36
95 -81
90 30
14 -40
-33 -26
53 -79
-13 125
81 -49
-87 -92
122 -31
-62 71
34 26
-66 -107
-63 69
35 88
-64 -68
5 -93
34 -26
86 37
-94 -2
-89 29
52 114
42 5
109 63
81 47
24 -124
93 6
32 -27
73 -59
64 69
92 86
-56 -74
92 -19
-84 93
74 -57
-9 42
-27 32
9 41
-9 94
-75 -57
-121 33
120 42
-101 -75
-58 -111
-83 43
64 -107
-2 -94
-89 33
-28 32
110 -60
-1 127
-78 52
39 -19
-26 124
-86 -37
-69 -64
23 91
21 -92
-72 -101
27 -89
40 15
88 -90
-93 -16
39 18
101 -74
42 -2
-33 -26
-113 53
39 120
-71 -61
-87 -33
92 20
-86 37
52 78
111 -59
-9 126
26 -90
-91 -23
38 19
80 49
-1 42
-92 -85
116 -48
-23 35
-70 -63
20 92
16 92
19 -92
-19 -92
-86 93
7 41
-68 -65
-84 -40
-53 -114
-32 -89
-80 48
17 38
-17 125
89 90
-3 93
74 57
-29 31
-6 -41
122 28
89 29
14 92
-85 -37
-56 113
-21 -91
-20 92
-42 -8
102 73
-114 50
-39 -17
80 50
45 -83
89 28
-15 -39
-3 42
93 14
-19 -92
-10 41
19 92
-41 8
34 26
-5 94
26 -90
38 18
94 2
42 5
80 97
46 -81
-67 -106
0 42
-53 -78
10 93
-74 57
-40 14
91 -23
-22 -36
53 79
-75 56
-93 11
75 58
50 -79
-42 -84
112 56
93 -13
-125 -13
92 18
-39 16
16 -40
53 -77
-125 10
91 27
14 40
78 54
29 -30
-51 -115
-42 -84
93 12
-69 -63
120 38
-80 -48
41 -9
64 69
93 -84
-37 20
-45 82
-36 -23
93 -15
-24 -123
-18 38
86 38
-11 -40
-54 113
-100 76
-5 94
-85 41
4 93
6 94
42 3
94 -5
-88 34
125 5
-71 61
85 40
40 -85
36 86
39 -17
2 -126
-80 48
96 -81
-46 -82
68 -106
-8 -93
125 8
27 -33
2 94
76 54
-86 92
54 114
34 -87
3 94
-9 -94
-35 87
17 91
34 25
37 -19
-2 -42
-20 37
90 -26
-100 78
3 42
69 -64
-92 -87
90 -27
-5 -42
-69 64
30 -30
96 -82
40 120
42 4
-1 -93
95 -84
82 47
-14 40
28 -32
-66 -107
-42 -4
9 -94
-86 -39
-5 42
-33 -27
58 111
-66 66
-22 -91
-88 -32
-6 -94
-32 28
-71 61
-88 32
-8 93
-118 41
-41 -7
32 -88
11 40
105 69
-55 -113
-58 -74
3 93
-49 80
20 -124
-78 52
-102 74
43 83
99 77
56 -75
-124 -20
89 -31
115 -52
9 -42
-29 31
-122 28
-17 92
93 11
27 90
29 30
-36 86
53 78
-59 -110
-42 -3
-89 89
12 126
-33 26
127 -3
20 -38
-21 -37
37 -87
37 86
39 -16
-76 -56
-85 -93
-15 -40
4 -42
75 -101
93 -11
118 44
-93 8
36 -87
53 78
-104 70
-125 6
-39 -85
6 -93
38 85
-26 33
26 -91
112 58
-94 -4
59 -74
90 26
-8 -126
44 -118
-105 70
-42 6
38 18
-26 -34
3 -94
13 -40
-88 -32
126 -5
-89 -31
-123 25
30 -123
-90 26
92 20
-70 63
-75 -100
0 42
91 -88
19 -91
31 30
-125 23
-53 -77
-71 -61
126 18
92 -17
-9 -42
52 78
-54 77
-26 90
24 -35
63 108
12 -125
-30 -30
-82 46
-91 -21
-71 61
-112 -57
48 116
94 0
-36 22
125 18
-24 -36
-46 -82
80 -97
40 -13
18 -38
94 6
83 43
-83 -94
11 -125
27 -33
-11 -41
-107 -66
34 122
89 -31
-34 25
0 42
-22 90
121 -35
-27 -90
83 -42
33 26
-42 8
-93 -12
42 -8
-25 -90
81 47
-9 -41
-59 -72
-93 12
41 -10
-83 45
-52 -115
-47 -81
-17 92
122 -30
-54 -77
-40 14
-11 41
59 111
126 -8
28 32
-6 126
-81 48
9 -93
58 73
-40 14
0 -94
29 122
41 10
22 91
29 90
125 18
28 -32
-60 -73
112 60
94 5
-38 -18
-47 82
123 26
-76 -53
3 -42
-30 29
-41 11
29 -89
-51 -79
92 -17
44 -82
-91 25
89 -89
58 73
114 51
-111 59
-118 -44
-104 70
26 91
89 -26
22 123
-113 -57
1 -95
-42 -6
-38 -86
125 -5
-93 12
124 21
91 24
33 121
-61 110
93 12
-13 -93
92 -19
42 6
91 24
-91 -21
89 31
45 82
36 87
-125 18
-20 92
-89 -29
56 76
68 -65
-50 114
-19 92
0 -94
39 -17
-63 -70
-93 3
92 -20
-90 24
31 28
71 -61
117 46
78 52
10 93
23 35
-42 3
37 19
94 -10
40 119
38 19
14 92
0 -125
-87 -90
41 -10
68 -65
-61 71
-110 -62
64 108
-90 -24
-24 -91
-11 93
-94 0
0 126
82 -45
-17 -92
64 -108
-6 94
-3 42
93 86
42 -6
34 -87
6 42
32 88
-43 -83
87 37
20 124
-38 -19
-104 71
54 78
-67 105
-9 -93
-77 -54
-33 88
38 120
-49 81
92 13
-73 -59
-84 -41
-102 -73
23 35
-76 53
-38 -19
-91 22
84 -43
23 -91
-93 -8
-70 -62
94 -83
42 -2
-40 -13
29 31
-102 74
-18 124
77 -99
94 1
28 90
-88 33
42 -4
56 75
108 -64
45 117
93 -11
70 105
83 41
-18 38
86 38
30 123
94 1
-72 -103
-14 -126
46 82
-93 6
-87 -34
-94 -8
15 93
125 -17
-36 -22
104 -71
-26 90
37 19
20 92
30 -89
-49 -80
22 37
-84 -40
-44 -83
-21 -36
4 42
-21 37
91 -18
110 -63
-4 42
52 79
58 -73
-58 -74
0 -94
-4 -42
-82 46
-112 -55
-36 -22
-38 19
-81 47
37 21
-88 89
72 -61
-15 39
91 -27
-35 86
-93 -15
38 -20
-84 41
-69 105
-92 18
49 81
-21 37
93 -15
0 -126
17 -92
-111 59
41 -84
89 30
72 -60
-32 88
-13 93
-14 40
91 -87
-25 91
52 78
107 -66
-43 1
34 25
9 94
18 38
42 5
-75 56
-88 33
-125 0
-19 91
117 -48
2 43
-111 -59
-80 -50
38 -19
-48 -80
-61 71
-77 53
-4 -94
122 -34
-93 13
24 -34
80 48
-93 -20
-33 121
80 -48
109 -62
-125 8
-58 112
108 -66
121 -32
10 -126
39 14
-86 92
68 -64
-40 -15
-35 87
-86 -38
-75 99
-94 0
-39 86
-78 52
29 31
40 -14
12 -41
30 29
-93 11
-54 77
-26 33
67 107
61 72
-63 70
-102 -74
-41 12
-86 -38
-53 -78
-27 32
3 94
80 49
93 12
-22 -91
6 -93
-89 31
-53 -78
-94 2
85 39
-79 50
-24 -91
14 40
27 -122
34 25
-88 -34
41 -12
72 61
17 -91
-88 -32
-80 -48
-50 -80
40 11
-22 36
57 112
27 -123
-90 -28
-16 92
122 24
34 26
39 -16
-77 -53
39 85
74 101
67 65
26 89
-36 -22
-69 -105
54 76
-116 -51
33 88
59 73
56 -75
-34 -26
-63 -70
2 -126
78 -52
-10 93
12 -41
-25 -33
85 38
85 -92
44 118
-87 33
34 25
-116 48
42 6
-28 31
-121 32
44 83
-64 69
89 -28
90 -27
-38 18
-80 -50
25 -35
-48 81
123 -24
-115 -51
-31 29
-40 12
7 -42
33 25
86 38
-78 -52
82 -94
16 39
84 40
-20 37
88 89
40 -15
12 -40
27 -91
-80 -48
-90 27
-34 -26
93 -6
42 -3
-20 37
87 33
77 99
43 -2
16 -40
88 -32
27 89
-53 -78
120 39
90 26
71 -61
-26 123
-78 98
-21 92
-120 -36
-31 29
-124 26
-40 -12
-28 90
117 -48
46 -117
97 -80
-42 6
40 13
-28 31
-19 -92
6 -126
-35 -23
-23 -36
-46 82
26 -33
-63 -109
89 30
-16 39
109 -65
-82 46
-19 92
-94 6
4 -42
-78 99
37 -21
-67 66
-93 16
-91 -20
12 -41
36 87
-11 -41
-78 51
19 38
-91 -25
-55 -75
-94 84
-56 -75
-21 37
78 51
57 -75
-26 -33
10 40
124 16
-104 -71
87 35
42 -5
-5 93
-49 80
6 -94
-60 71
-25 33
-16 93
-40 -85
-69 105
62 -70
-123 -24
-90 26
-38 17
124 22
79 -97
-10 -94
86 -40
-70 104
-107 68
-42 -1
-41 -85
-37 21
19 -38
-55 76
43 -2
78 -99
60 110
92 11
9 -42
-86 -38
82 -46
-32 88
-92 -20
-18 38
-93 11
-86 37
-26 -89
-32 -122
-7 -94
73 103
2 43
94 -4
40 -84
111 -59
-13 -125
-69 63
-93 13
91 25
-68 107
-107 67
-42 0
18 -92
54 -77
39 -17
75 55
-93 -5
89 -88
-38 20
42 6
24 -34
20 92
-124 -18
27 -32
17 39
-75 -55
-38 -86
-80 -48
62 70
-11 40
-73 103
-17 93
54 76
55 -77
-4 43
-30 -90
-39 17
-93 -3
-21 -36
-57 -75
94 5
-75 -99
8 -126
29 -90
-67 65
117 47
35 -24
-42 2
37 21
-104 70
113 -52
20 92
-97 -81
11 41
91 -22
28 31
3 93
-1 -43
59 -111
87 35
76 101
-34 -121
20 -124
94 7
82 45
-35 87
62 -110
96 -80
-17 92
-10 126
94 2
94 -10
43 0
-101 -73
12 93
-14 -93
26 33
40 -12
-76 -54
106 68
30 -89
-1 -94
80 49
-65 108
-33 88
18 38
89 -31
50 80
28 90
41 119
-91 23
17 -91
55 -76
125 -11
61 71
21 -91
-82 -47
45 -82
64 -109
-81 -97
-69 -63
25 91
-10 93
-90 -87
-52 -113
-48 80
60 -110
46 -81
121 -37
-40 -85
-65 68
33 27
-72 -60
84 -43
74 -57
100 77
-114 52
-54 76
-74 100
114 -53
-55 -75
11 93
-88 -33
-77 55
-91 25
25 -34
-15 -40
-10 125
-83 45
-87 -36
28 -89
-7 -94
28 90
37 121
-42 -2
0 -93
-84 -39
19 -125
47 82
70 64
-90 -29
91 17
-123 -22
-81 46
60 112
126 2
22 -36
111 -59
53 -78
32 28
-122 35
37 85
-8 93
11 93
3 42
22 -36
-26 -34
-12 -93
1 42
118 45
97 81
32 28
-20 -38
-125 5
71 -62
-34 -26
-91 23
-88 -31
-14 40
92 22
38 -20
29 89
92 15
91 -22
-40 12
24 90
-67 106
-32 -28
21 37
84 42
-17 39
98 78
-46 82
-86 -39
60 72
82 -95
21 37
43 1
2 -94
28 -31
5 125
-65 107
-68 -106
41 -12
71 61
-49 -80
-81 95
98 -79
8 42
-71 -60
93 10
25 -35
-28 31
-9 94
81 47
-18 38
-40 85
38 -18
-50 79
-39 -17
36 22
-29 89
-121 32
59 -73
-80 48
78 99
-94 5
126 -7
-122 -28
4 94
105 71
15 92
19 38
82 -46
8 -42
68 65
33 27
-121 32
47 -81
0 93
29 -31
-24 -35
60 72
-31 29
-59 -112
12 -125
-74 57
17 92
-78 52
93 -1
88 91
-73 58
-126 -6
113 54
109 -62
37 86
59 72
72 103
-51 -78
-6 93
-79 -98
87 36
50 79
-35 24
55 77
38 18
84 94
-11 -125
-93 -12
59 111
-125 13
-53 -78
19 38
-125 8
82 -47
-93 16
-32 -121
119 43
90 29
-67 -65
54 -78
-92 -17
-2 93
81 -49
-55 -75
113 -53
125 23
23 91
51 78
-53 -78
-80 -48
-5 42
-88 -34
-40 12
-100 -76
-64 68
-39 85
-43 -84
-12 -93
-49 -80
78 -52
-47 82
-48 81
-30 -89
120 -39
17 -125
80 -96
14 40
-92 11
83 44
68 -65
-42 -6
70 -104
-19 -38
73 -58
94 0
8 126
-27 33
42 -6
-65 68
-75 -100
-72 -60
89 -30
-35 -24
-72 -103
-48 -80
23 -36
-93 12
-9 125
91 24
-51 -114
-10 41
-89 27
42 -6
80 -98
94 13
-42 5
-20 38
-18 -38
-91 -21
114 56
89 -27
7 42
12 -41
-29 -30
-92 12
-8 42
96 81
-75 -56
-71 61
71 104
-41 9
64 -109
70 104
117 -45
-16 -93
-31 -28
-120 38
88 -31
26 -34
16 39
-125 -15
-22 91
93 -9
-2 42
15 -92
-9 -92
-44 118
-70 -105
-20 -124
93 -9
29 31
-66 -67
-125 -9
-48 -81
38 -20
125 23
88 34
-7 94
-42 -9
28 -32
24 124
-19 92
14 40
42 7
-90 -89
-2 -94
6 93
-34 24
-123 25
24 -122
84 -43
57 -75
31 88
-94 -85
20 37
37 87
-82 46
103 -73
126 -9
-108 -64
-93 15
11 40
-88 32
-109 -61
97 81
94 6
126 -7
18 -38
-36 22
74 -58
-71 60
-29 31
42 -8
-78 54
94 -10
17 39
-41 -8
80 -49
91 -27
-85 40
25 -34
75 56
49 -80
-19 91
105 -69
59 73
93 -13
81 -96
9 42
124 25
94 83
-19 -92
17 125
-94 9
-89 31
39 -17
-34 88
-63 -69
82 -45
107 -65
6 -42
19 -92
-67 -107
-31 122
30 30
16 39
124 16
-93 -14
33 -27
-4 -42
-93 -2
-92 18
49 -80
87 -37
-112 -56
30 -89
16 -92
-47 81
109 62
36 -22
41 -8
41 6
38 18
-8 93
-64 -69
40 14
-33 27
126 1
85 -94
-61 71
40 11
-89 29
112 -58
17 92
-31 89
-75 56
92 -19
30 29
-32 88
-93 11
86 38
-75 57
8 -41
-79 99
-58 -73
25 -34
93 13
-60 -72
-55 77
23 -123
104 -70
-19 -124
53 78
10 93
-36 87
84 -40
3 -93
78 52
-30 30
-83 44
-2 -94
109 -65
-54 77
-35 -24
-108 64
51 78
93 8
72 104
-81 -49
89 89
14 -93
78 51
21 -91
123 -29
-89 25
31 -89
121 -33
-62 71
29 31
10 41
-10 125
-72 102
-84 -95
80 -48
21 -36
-22 -36
-50 80
-89 -28
-40 16
1 -42
-106 -67
-91 22
-10 41
-40 85
-21 -123
-85 40
-48 -116
-4 42
-37 -86
-62 -70
80 -98
-60 -71
-35 -24
65 68
-64 108
-15 92
119 43
27 33
38 86
86 -39
-17 92
-61 -72
18 38
92 -16
-49 -115
35 88
-33 -26
-8 -42
20 -37
10 -93
-42 0
-30 -30
-3 -125
-74 -57
85 93
16 -92
-89 29
-97 -81
57 74
-62 -70
21 37
41 10
-20 -38
43 1
92 -17
90 28
79 99
10 125
47 81
63 -70
18 -124
-85 -40
91 20
20 -38
5 93
-57 75
106 -68
8 125
-17 39
-92 19
8 42
74 -102
49 116
-78 51
-23 36
-8 93
-40 -15
53 -78
-61 72
37 -20
-41 -84
3 95
92 -21
2 126
-114 -51
-103 73
-42 8
-14 -92
-31 -88
-92 11
-124 20
-69 64
-30 -29
15 39
11 -125
-47 -82
-86 -37
42 -5
4 -93
74 101
93 -5
87 -33
60 -111
28 90
93 16
-87 36
54 76
8 93
-42 3
-22 36
-20 -92
-82 -45
87 36
13 -41
43 83
67 106
-43 -5
25 -34
-105 70
9 -41
-29 -30
17 39
-64 -69
36 -87
-52 -113
-12 41
27 -90
92 20
37 21
58 111
-14 125
91 -87
79 -52
-22 35
1 -94
18 93
-93 12
-57 75
32 28
44 118
-125 -9
-33 -26
40 -13
18 -38
55 -77
-125 19
82 -45
108 -64
126 -7
-93 -14
69 -63
-19 124
87 92
-86 37
27 -89
29 123
39 18
64 108
-45 82
-34 88
-121 32
41 11
-85 -93
-55 -76
90 22
121 -33
-21 36
15 39
-30 122
106 -68
42 -6
-63 109
51 -78
122 -34
42 9
18 -92
63 -70
37 20
115 -49
-126 5
-91 -23
-41 8
72 61
-91 23
113 -54
-88 -33
-116 -50
93 -8
-83 44
-112 -57
-92 20
126 -6
17 -39
38 -85
-67 65
-63 -70
-32 28
58 75
-37 -22
-109 64
26 90
-86 -37
-63 -69
123 29
-82 94
4 42
22 -37
-54 -113
71 -61
116 50
22 36
10 -41
87 -35
-5 94
18 -38
109 -64
91 -25
82 46
-79 -52
22 -90
-14 -39
13 -125
94 84
-111 60
91 -25
89 -29
-88 -33
-38 -19
93 -9
0 42
-88 90
68 -65
-27 33
21 -91
-63 -68
109 -61
57 -75
94 -4
-11 40
-32 -88
-14 93
-44 -83
-41 11
94 4
119 -38
125 11
26 34
42 -83
29 31
89 28
1 94
-113 58
124 25
-86 38
-77 53
-81 45
-61 -72
105 71
-7 -42
-32 -27
126 -4
-14 40
-111 58
126 6
-24 -36
-91 24
110 -62
5 -41
29 31
-81 -47
51 114
-11 -93
23 35
22 91
-85 -38
2 42
84 -42
-91 -19
88 -35
-28 -32
42 3
-89 27
87 35
-64 -108
-124 -24
-84 -41
-57 75
-80 -49
-125 -17
37 86
31 123
-23 35
-9 -42
-53 -78
123 -25
-9 41
114 -55
9 -42
-120 38
21 -37
126 5
26 90
8 -42
-17 -39
-39 -16
40 -84
-93 -16
-125 -14
34 -26
-11 40
-11 93
-53 113
-42 84
-93 11
41 10
22 37
10 -41
28 -89
70 -104
-56 75
-2 -94
-64 108
14 -92
-94 4
-63 70
81 -47
33 122
-69 63
20 -92
-36 -24
15 -125
-5 -93
1 -94
-11 -125
19 -92
7 -41
35 -25
-41 119
0 42
94 -84
-25 -90
83 -45
-85 -40
41 12
-22 91
-40 -85
40 14
124 -24
91 -23
50 79
-81 47
-41 85
111 59
37 86
-93 8
-116 -48
4 42
-30 30
-24 -91
35 -88
92 -18
40 -14
-72 103
125 -5
32 27
-124 -22
-81 -48
50 -114
-5 -42
-32 -28
3 -42
-17 92
42 1
-10 -40
-89 30
-105 -71
-63 -70
-91 -22
-24 -92
-55 -76
-27 -32
121 35
42 -5
23 91
11 93
35 -23
63 69
40 119
36 22
21 -125
-16 -39
-32 -28
-41 -11
-63 -109
77 -53
42 9
-91 -22
-72 -103
-93 -85
-40 -13
121 -38
-89 -31
-9 94
-2 43
115 -51
-90 -30
90 23
67 -66
-89 -32
-53 77
-45 -83
90 -26
-50 -114
89 31
93 -12
125 -6
38 -20
65 -107
7 126
91 -21
108 64
86 35
-35 24
-93 -15
125 14
-1 95
94 83
-15 39
-80 -47
65 -68
11 93
2 94
43 0
-37 22
-39 -17
46 -116
41 -7
-39 17
32 26
9 125
-90 25
-18 38
-90 -26
-99 80
-92 -12
-28 -89
47 117
27 91
-93 10
-42 4
81 49
114 52
18 38
-52 -77
-82 46
88 32
-94 3
84 -42
-79 -52
-93 8
87 36
94 -85
27 90
51 116
71 -105
-38 -86
75 56
-99 -80
-123 -26
38 -20
24 -34
-19 124
-51 79
81 -47
89 -28
-78 -53
84 -42
-125 -13
-11 -93
37 21
-51 79
-37 21
-84 41
-41 -84
86 38
6 94
-81 48
77 100
91 -23
122 -29
-36 -87
30 88
58 112
50 79
84 41
93 -3
41 85
126 1
-86 -37
-39 -15
-39 86
44 -84
-93 -14
84 -40
-83 -44
3 -94
84 -40
35 -24
48 81
-124 -16
111 -59
84 -41
31 -123
-124 21
-24 -35
21 -37
-80 47
39 -85
-63 109
6 -42
17 39
22 -36
39 16
11 41
-43 83
-33 -26
-34 87
-92 18
94 3
-3 -126
-92 12
92 18
41 84
104 -70
36 23
-78 -52
-38 20
-28 31
-125 -10
-69 -105
-55 -75
49 -80
-6 -93
-86 38
-8 125
94 -13
-20 37
-124 -16
55 -76
87 -34
-15 40
40 -13
30 -89
62 -110
10 42
34 -88
-23 -91
93 -11
73 -59
-6 -42
89 -31
73 -59
57 -74
35 23
59 -74
77 53
-45 -83
-6 -42
37 87
41 9
-33 27
69 64
42 -84
-92 17
44 -118
-121 38
23 -36
5 126
99 -77
-72 60
11 -93
-22 36
89 -29
68 64
-90 -26
-6 42
-114 52
36 23
-118 -42
90 27
-94 13
115 51
88 33
93 -85
59 -72
40 -14
43 83
52 78
-34 -25
-33 -88
-12 93
-92 -86
-74 -58
-71 62
-31 -29
43 -83
-118 42
22 -91
-82 -45
-110 62
64 -108
42 -5
35 -24
23 -36
44 118
-108 -64
-86 37
-5 -94
-9 -93
-26 89
-84 41
3 42
-84 -42
-93 7
-45 81
40 11
-94 5
-40 -13
82 -46
31 29
-68 64
42 -7
31 -29
57 -74
87 90
-6 42
-32 27
-90 24
-50 -79
-88 -90
6 -42
48 117
107 66
-17 -93
121 -37
-87 -91
30 89
-37 20
76 -55
13 125
-86 36
-11 40
-19 -38
22 -36
9 -41
93 -6
-67 106
-64 69
95 3
-92 -19
-17 -124
105 -69
-38 -20
75 -57
85 -40
20 92
-7 -41
-93 17
120 39
-68 -106
119 41
-41 11
105 69
42 -1
92 17
125 17
77 -100
-87 35
-56 75
36 22
-35 86
79 -98
76 54
37 -21
-94 0
-41 -119
-51 115
94 4
57 -112
-41 11
-89 -29
-42 83
72 -104
-79 50
20 -92
125 7
109 -62
-72 61
-6 -42
86 38
-71 61
-104 71
-42 -9
-123 30
66 -108
26 89
-21 -37
-78 53
78 -53
73 -103
4 -42
-72 -61
-14 92
93 -9
113 -54
-34 -25
5 43
84 41
15 -39
-93 10
-64 69
-51 -78
-22 91
42 -6
26 33
14 93
97 -79
20 -124
105 -70
9 -42
-64 68
39 17
-125 -6
-37 -86
-29 123
-40 12
39 84
35 88
87 -33
124 20
-20 -38
-56 112
-89 -33
-77 99
47 81
-30 29
91 -24
14 39
9 -94
-32 88
9 -92
-125 0
-21 -91
-41 119
36 -21
-93 12
64 -68
-39 -17
-72 -59
-55 113
-2 -42
93 16
19 125
-119 -38
69 64
46 -117
9 -93
1 -94
-12 -41
-17 92
125 9
-92 -18
1 42
-35 25
35 -120
28 -31
42 -6
38 86
125 -8
16 -40
9 -94
33 -121
93 12
-80 49
-123 25
-90 -21
-85 39
33 88
-2 42
19 92
-55 75
8 42
48 80
-65 67
29 89
-109 62
-120 -34
37 -21
-16 39
-15 -39
-121 -37
-41 12
41 13
-54 76
-1 42
21 37
-89 33
63 69
15 -39
70 63
-18 92
125 14
-88 35
42 2
13 93
-70 -62
-87 -35
92 21
30 123
10 -94
88 32
22 -91
125 11
92 -18
33 -121
13 -93
-20 37
-25 91
-91 -86
-58 73
58 -74
75 -56
-38 16
-92 18
-33 -121
61 70
-93 -6
-59 -73
49 80
99 -77
-93 3
5 42
33 27
-89 -29
-117 -46
122 -37
-67 106
22 123
40 84
3 -42
-25 -91
-90 24
-5 -42
-88 33
-86 39
-10 94
-16 -125
-89 28
-41 -9
-12 -92
-63 69
15 126
-33 -26
72 -62
37 21
-32 89
-34 24
-5 -94
70 -63
-37 -21
39 120
-89 89
31 -123
18 39
57 -112
-21 -124
-36 -23
22 -91
-35 -23
-83 42
-75 -99
-119 -43
61 71
-48 -81
78 -52
-35 23
-1 -94
37 -87
88 -33
7 125
92 -87
76 55
83 43
72 62
-70 -104
-75 -57
-87 -36
-87 38
-37 -86
-126 8
-89 27
29 89
-34 87
125 11
-85 -41
-54 78
-19 -37
41 12
-13 -92
-45 82
-57 74
35 -122
-106 68
-44 82
-95 83
-39 86
77 -99
-7 -42
22 -37
-74 57
123 29
-112 56
37 19
69 -63
22 -35
-42 2
9 93
-63 -68
-87 -90
11 126
101 -74
90 -26
38 -86
-126 -3
91 -88
83 -44
-34 25
-42 -7
63 110
41 10
25 123
-92 -86
119 41
53 113
-58 -74
70 -63
92 18
78 54
-40 -119
-26 33
-123 21
-94 -84
-51 78
-84 -43
-16 -92
51 -78
62 -70
109 -62
8 -41
92 -86
42 7
60 72
75 -102
-18 -93
-91 -25
87 91
42 4
-51 79
45 -117
12 -125
98 -77
-31 123
70 -63
46 82
0 -43
72 60
-102 -74
17 39
13 -40
16 -93
-52 115
125 0
106 -67
-92 15
75 -56
33 25
88 33
-69 -106
58 73
-124 27
-24 35
-124 -21
94 -5
-108 -63
42 83
-89 29
-2 42
-77 -53
-18 38
-74 -58
108 -66
93 11
41 -8
-93 -16
43 5
-28 90
-57 75
-49 -80
-33 27
42 5
-7 94
4 -94
20 93
-25 -123
-44 84
14 93
-14 -40
80 -49
-78 51
14 -92
-42 -5
-14 -39
92 22
-94 -3
40 118
-87 36
15 93
-32 -122
-30 30
6 -42
56 112
36 22
66 -67
-16 -125
78 51
-52 -78
-4 -43
-90 89
48 -116
20 37
-54 -78
-4 -42
-31 -28
43 -119
35 -24
5 94
-8 -42
-38 -86
7 126
-23 35
85 40
-90 -88
-91 22
-111 59
-74 58
62 70
-33 -88
69 63
17 125
27 91
-1 -42
-29 -30
-89 31
43 84
-3 -42
-28 -31
41 9
-82 96
39 -86
-38 18
59 -112
91 17
-94 5
-61 71
-78 52
-42 -118
-37 121
64 69
50 79
-125 21
18 -92
46 -82
-91 87
-54 77
20 92
-42 -6
-93 86
44 -82
-93 -8
-18 38
45 117
-46 -82
-37 -86
-34 24
11 93
68 -65
57 -111
120 -42
21 -37
63 70
-35 -24
85 -39
-112 56
-93 -7
-10 -126
-40 85
-70 62
-50 -115
-3 -93
43 83
44 -83
-30 -89
18 38
-16 39
-40 12
-19 38
84 -43
-101 -74
-15 125
19 38
-65 108
-42 0
34 88
41 8
-91 -21
126 3
12 -93
84 -42
-89 29
-70 -63
-93 -16
42 -84
94 83
75 55
-51 79
-73 59
62 -70
-61 -71
87 35
44 83
22 -124
36 -21
-77 53
42 -3
-90 -24
-27 123
87 -91
-78 -52
-20 -38
58 73
94 9
-10 -93
53 78
81 97
125 11
-18 -38
115 51
-5 -43
-14 93
-78 52
-94 7
28 122
-89 -30
-126 4
-89 30
86 -36
-89 -29
125 6
25 34
91 -23
-93 -9
52 -115
-14 -40
84 -42
-78 52
111 59
56 76
31 -29
84 42
-8 -93
121 37
77 54
31 -121
57 112
-9 41
76 55
-72 60
0 -42
-21 92
76 55
-12 93
-80 49
36 23
-49 -81
-91 24
-20 -92
45 118
57 74
67 65
-109 -64
3 125
-94 84
43 -85
-91 -22
42 -3
-99 -79
3 126
-73 60
92 17
-93 10
41 -9
78 -98
41 -8
-120 -37
-4 93
1 -43
33 -88
54 -76
122 -28
11 -93
119 -43
39 16
32 121
50 80
-84 43
31 89
6 -41
-21 -37
41 -118
-81 47
-26 34
42 -3
98 -80
-30 122
-37 -87
42 -4
89 88
-126 -10
37 21
122 -32
-92 -18
5 -126
-90 26
-54 78
-38 18
-16 39
-94 5
78 52
-94 -3
32 -122
18 92
64 -69
59 -73
-41 -13
-94 -1
-7 42
15 39
74 -101
122 27
91 -25
-91 25
38 -19
118 44
39 -15
-70 -63
37 -19
78 53
87 -34
26 124
-95 3
67 65
-14 40
83 44
89 -31
1 -94
60 -73
35 -24
-93 10
-34 25
39 85
-19 92
-41 9
-10 93
-8 -42
-10 41
59 111
-81 48
26 34
-42 -8
107 -67
88 -31
-39 16
92 -18
108 -64
-43 83
-97 -81
-2 -42
-43 -84
-89 -30
123 26
11 93
-18 126
75 100
-43 -83
91 -88
32 -88
-85 38
-42 7
35 23
-123 28
123 21
105 -70
-3 42
-90 23
-125 13
-23 -36
5 -42
92 85
-74 59
86 38
-3 42
-80 -50
7 -42
-41 11
61 72
-39 86
55 76
49 81
41 84
46 -82
35 -24
-40 120
-78 -52
123 25
-93 9
15 -125
92 -12
-79 -50
-79 -50
-77 -53
88 32
-5 -43
-64 109
35 121
-78 -52
-86 93
-126 14
37 19
46 117
-29 123
-56 74
-16 -92
37 -21
-2 42
-99 -79
-94 -11
88 -34
-45 -82
31 -89
2 126
-85 -92
0 -43
81 -48
92 16
42 84
88 33
-125 -2
-89 -31
-3 -42
87 90
-39 86
68 65
-23 -35
82 47
-28 31
-122 29
68 -65
108 -63
33 87
31 29
-42 1
92 19
-72 59
-86 38
90 26
-43 0
-86 36
90 27
-126 -8
-84 93
-57 -75
-23 35
-40 -119
110 61
-68 65
68 -63
74 102
0 -42
18 92
47 82
42 8
28 -90
87 35
21 91
-84 43
34 25
40 -14
-3 -93
16 39
-2 42
-78 52
15 92
-17 39
69 64
-10 42
93 -4
123 25
-16 -39
-42 -6
91 -21
-90 -24
90 -26
11 125
41 85
-10 -41
-41 118
55 -75
-43 3
-82 46
20 37
75 -58
-109 -64
-80 -49
123 29
32 88
38 120
39 15
-93 10
37 86
34 -25
42 -5
-81 47
-38 17
89 30
-35 -24
-106 68
-86 38
28 -32
-120 42
41 13
-35 23
-42 -1
-84 -41
18 124
19 92
-125 8
-76 54
-38 20
-84 42
-29 -90
13 41
49 -116
36 -21
-20 -124
-60 -71
27 32
-90 -26
-93 -14
117 -47
9 -41
42 -84
-41 -84
-17 -92
-42 4
-45 -82
-71 -61
-19 -125
-36 -22
83 43
-78 52
49 80
-20 -38
122 30
103 -72
-27 89
-113 -56
73 102
-41 86
111 58
103 -72
89 33
44 -118
29 89
-30 -123
-64 69
90 -27
-92 -20
-46 82
-50 -79
-52 -114
0 -125
83 -42
65 -68
94 -2
82 47
-68 107
91 -21
-41 -119
-60 73
-76 100
0 93
-23 90
67 65
-78 52
-116 -49
-99 77
125 0
58 -112
26 33
-6 125
-77 54
34 -25
-2 42
-90 -23
61 -71
22 -36
114 -52
81 -47
35 24
11 -92
-13 -93
49 -80
-53 78
-24 34
-112 60
87 35
-48 -80
-42 -118
24 91
-39 85
-10 -126
-58 113
-68 -106
78 -53
43 -119
-89 30
-80 48
20 -38
-93 7
-89 28
-20 -92
-23 91
-118 -44
85 38
125 -11
56 -112
-11 -93
125 -19
-93 11
-90 -88
-10 94
48 -80
-45 -83
-65 -68
125 13
84 -94
-39 -119
65 68
-18 -92
-15 -124
-94 4
-91 21
-61 -71
-124 -14
36 22
92 16
15 -40
48 -80
42 2
93 -85
93 16
78 -99
93 11
-13 -93
69 106
29 89
41 85
39 -16
21 -124
-87 -35
-11 93
13 93
40 -85
-45 82
93 8
93 -4
42 0
32 27
-73 -59
-11 93
-42 -118
-80 -49
-89 -32
-17 -125
68 -64
-15 -92
-124 16
32 28
-40 -119
7 -41
93 -85
-125 17
30 -29
29 -89
70 -62
-35 22
126 8
-27 -33
89 29
-42 -84
-14 -41
14 -40
36 -22
-30 89
88 -34
-38 -120
40 13
105 -69
3 -42
104 -72
-45 -82
-106 69
2 -126
-30 30
25 123
-18 92
123 -28
72 -60
-61 71
-11 41
-115 52
-86 35
37 -21
-61 72
-36 23
-84 -41
-21 37
3 94
-14 124
-93 16
-4 -42
26 -33
16 -93
-42 0
-36 -87
32 -88
-125 -13
91 86
91 24
-6 94
16 39
-33 121
93 -7
87 33
93 9
109 -62
4 -42
-86 -93
0 42
106 -68
43 3
-49 -116
-24 123
-36 -121
-20 38
-69 64
38 19
28 122
5 -94
88 30
-69 105
-35 86
-81 97
-43 83
-90 -88
42 2
-90 -26
-38 86
-94 -4
-94 4
61 -71
80 -48
-119 40
34 -121
-48 -117
50 -114
119 -41
37 21
40 119
-57 111
41 -6
34 26
42 -8
123 32
-19 -38
-40 86
-92 -86
20 -93
71 -60
-39 17
40 15
33 121
69 63
-66 66
94 -6
76 100
-42 -3
-18 92
-12 -41
88 34
-86 36
-21 37
-93 -13
2 94
19 -92
-35 -22
-114 50
-62 -70
68 65
20 -38
-17 -125
33 25
-2 126
97 81
1 42
34 -25
-72 -59
-82 45
41 -12
63 -68
73 58
4 -126
5 -94
93 -8
-93 14
-49 -116
-42 -8
87 33
-127 1
-7 -94
-90 26
-88 33
-60 -72
-58 -73
16 39
-37 -20
42 -6
63 70
-119 38
81 47
-94 10
124 19
87 -90
-124 26
-35 -23
-92 -20
-71 61
93 10
-38 -17
-73 59
75 -100
42 0
24 35
11 -41
-4 -43
43 83
-42 -7
-25 34
-8 -126
-37 19
-38 -19
61 -72
70 62
-93 -15
-120 -42
-15 -92
-93 18
78 54
92 -20
72 103
2 -42
-88 33
89 32
-36 22
36 -120
37 -20
-8 42
35 -24
-6 125
4 -93
120 36
119 -41
42 85
87 35
87 -33
-125 -13
-41 84
-123 -24
-116 51
40 14
93 15
105 70
-30 -89
-37 19
78 -52
-53 -78
10 -93
-42 -2
37 -20
36 22
92 -17
-94 4
-9 93
54 77
-93 -17
11 -125
116 -48
-74 102
125 17
19 38
-46 -82
42 4
-85 -39
-7 -94
76 53
-77 -55
65 68
94 6
16 -39
41 -9
88 35
-113 -53
-57 75
-55 113
123 -30
-94 -6
-24 91
27 -33
-22 124
115 -53
9 -94
-126 -1
-50 80
63 -109
124 11
24 35
41 10
-59 -71
-26 33
93 -12
2 42
-80 -50
-63 -69
-82 -45
122 29
18 125
-90 -27
92 -23
56 -76
6 -94
-5 -42
-91 -23
42 9
86 37
-122 -34
39 -85
32 -26
-65 68
-9 94
-51 -78
-49 -80
81 47
21 -37
-85 39
41 -84
-19 38
-47 -81
24 91
-57 -74
42 83
35 -24
-82 46
-30 -89
-94 3
33 25
-50 79
71 103
94 3
-7 -42
32 29
-14 39
23 36
-2 93
125 18
-21 -37
19 -92
90 -24
-58 -113
24 -35
5 -125
115 -51
23 -91
14 -40
33 -89
93 -12
-35 -86
91 -22
69 64
-86 91
59 -73
121 -33
-90 28
-124 -16
17 38
-75 101
91 -22
-75 -56
-85 41
-42 -4
-93 13
21 -37
-10 -93
30 122
-35 24
62 70
90 26
91 -86
-51 -78
-125 -7
18 38
-88 90
0 94
-25 89
-26 -34
-1 94
87 -36
-123 -29
2 125
-94 -7
-86 -92
61 -72
82 -46
-76 -55
-2 94
-124 -20
38 -18
-81 -96
-78 52
37 -87
-53 78
-90 -88
-13 -93
-30 -122
-41 84
7 93
-48 -80
-71 -105
50 -116
81 48
76 56
-71 104
-3 126
-45 82
10 -93
-92 17
64 69
92 -17
-70 63
-42 4
74 102
27 -33
-90 -28
95 -84
-61 -72
-35 87
105 -71
-86 38
-74 -57
-40 16
86 -91
-125 -13
-24 -34
112 57
-4 42
110 -62
111 58
40 13
85 39
-93 13
34 88
-41 -9
66 -67
-89 -30
-103 -73
56 -76
121 -35
92 -16
-41 -13
-20 -125
22 91
-33 -26
30 89
117 -45
-34 88
-15 40
-82 46
37 -22
32 -28
53 78
6 125
37 -21
-29 89
-25 123
39 -17
-34 -87
12 93
15 -93
84 94
12 -40
-5 -42
71 105
-89 30
42 -1
-93 10
-78 52
-117 45
-10 93
123 26
-93 -16
-34 26
94 2
-43 -2
3 94
85 -92
39 85
3 -43
9 -93
90 -28
86 -92
57 74
42 1
15 39
-24 -35
-80 -49
-59 -73
-46 -81
-22 -36
-34 88
-94 -11
10 -125
-120 39
24 35
89 27
16 -39
-81 47
61 -72
-48 80
-89 -29
-27 122
61 71
73 103
-100 -76
37 21
35 86
-24 90
7 -94
33 -26
-45 -81
39 17
-83 -44
-24 91
93 15
81 96
-47 -81
-69 63
38 86
77 -55
-124 27
39 -18
63 109
34 88
40 13
89 -31
-42 4
32 -88
118 -42
82 -45
-66 -66
-42 -3
-5 -42
63 -69
20 -92
90 26
10 -41
-42 -1
72 -62
-91 -22
86 37
3 42
91 23
-74 -57
-52 -78
40 13
49 80
42 -8
-55 -77
-30 -123
-31 30
84 -94
-112 -57
122 30
-46 82
40 -11
115 -51
-34 88
-13 40
-42 -5
55 75
-54 -78
84 42
-43 -83
2 42
-122 35
45 118
18 -92
75 -58
63 -70
19 -125
-6 42
-41 11
41 118
7 41
105 -70
32 -29
-120 -40
-85 40
91 22
39 -17
-80 -49
-83 -94
95 -1
-125 -16
-5 -42
-94 4
-34 25
15 -40
-42 3
4 -94
-93 -1
38 20
40 14
-61 72
-89 29
8 -42
61 72
-3 -94
-62 70
-16 -39
84 95
3 95
43 0
19 -92
26 34
-75 -56
15 93
-26 32
-67 -64
1 126
-41 8
92 -18
-112 -60
4 42
112 -56
-36 -87
-45 83
72 -60
-63 -110
102 73
-111 -59
91 -17
-126 -5
39 -14
-88 -33
100 76
4 -42
-70 62
37 -21
113 -56
108 -65
-34 -24
-116 -48
82 -45
60 72
35 -24
29 30
32 28
-93 10
47 -81
-90 -26
-35 22
-83 46
-67 -66
-42 4
-41 12
-24 -35
-67 67
-12 -41
-93 85
-20 37
90 30
78 51
29 89
-94 2
-3 -42
94 1
-93 -10
-24 90
-56 -112
87 91
-17 38
-32 -88
-12 -41
55 -77
94 83
-43 -3
37 -20
-96 -80
-98 -78
5 -41
-22 91
-49 81
-12 -93
39 85
-90 23
-121 32
-36 22
73 -103
92 -20
-71 61
93 -6
-83 44
56 75
-84 -40
-68 65
3 94
21 -91
-40 -13
-42 8
-94 3
-13 -93
-14 -92
-73 59
38 -85
6 94
-42 -8
-122 30
90 -88
84 -95
13 -40
-86 -37
39 -17
-36 21
-33 -26
34 87
-18 -38
29 31
55 76
-12 -126
-60 -110
91 -25
-40 -15
-38 -86
-63 69
5 94
-90 -87
-91 26
68 65
-81 -95
-54 113
81 48
-40 14
88 -32
-61 72
-39 17
-30 31
32 89
-61 -109
-45 -82
77 55
24 -90
-93 8
17 -39
43 84
70 105
28 -33
68 -65
91 24
-14 -93
-76 55
3 -43
-1 -94
31 -29
31 29
26 90
18 -93
-27 -32
-18 38
-48 80
15 39
-72 -103
54 -113
-42 8
37 -86
-93 10
-72 -59
16 -93
-2 42
-84 -41
-37 -19
-7 -94
-125 20
113 -55
93 6
-46 -82
94 1
-30 -88
93 -3
-41 -6
-17 92
81 -97
71 -104
-92 19
-125 12
61 -71
-86 38
-26 -90
-73 -58
33 88
-14 -93
-68 64
91 -23
12 93
88 31
24 34
60 72
126 -4
35 -24
85 -94
31 89
52 115
-97 -81
92 -19
90 27
36 -22
-77 55
81 46
-50 79
-90 -26
75 56
5 -94
36 87
3 -41
-62 -70
-32 27
-89 29
36 23
-78 -51
-93 -13
43 -83
-63 -69
42 2
58 112
40 -85
86 38
-12 93
-76 -54
41 -12
36 -22
-1 94
124 -26
-92 86
-106 -67
-34 -87
93 10
85 41
37 22
-41 -9
122 -31
108 -64
25 35
-6 94
33 -121
-58 -75
39 -18
90 -29
-14 92
-3 42
13 40
-80 -48
-108 65
19 -38
83 -43
-94 4
-91 23
70 -105
-12 125
120 -38
-48 80
-89 -29
60 71
-46 -82
72 61
-22 -36
30 29
-61 72
10 41
-69 -105
17 -39
-121 31
-89 26
73 -102
25 90
27 124
-5 -94
99 77
73 59
-119 40
17 91
13 93
-48 -81
10 94
59 -112
8 -42
39 -14
-22 91
23 -35
3 42
-58 75
-86 -92
-3 126
-24 -34
21 -37
-74 -57
-119 41
25 33
-65 67
53 78
-41 85
0 -93
-19 125
-14 -40
-4 42
-43 -119
-111 -58
-13 40
-21 -126
-88 -34
24 -35
-1 126
76 54
-39 -85
39 15
-71 61
-85 -40
-26 34
115 52
-87 -35
-38 19
93 16
125 19
-113 57
35 88
-94 8
126 2
17 39
-25 35
12 93
69 -64
100 -76
-7 -94
-75 -56
40 -14
27 -32
-87 36
43 -83
54 77
6 -125
-62 -109
-95 -83
116 49
-86 38
45 118
-95 -81
-67 67
-50 -79
76 54
76 -100
-14 40
-40 11
83 44
-87 91
86 -37
56 113
92 19
40 12
87 35
-52 -114
-11 -93
35 23
-92 21
-41 11
65 108
24 -35
125 -11
-76 -100
24 -36
46 -82
74 58
29 30
121 33
119 -43
28 -90
93 -11
50 80
-51 79
-112 -57
6 -42
-1 94
-10 94
38 19
26 90
-5 -42
64 -69
31 89
84 42
-60 72
-85 94
-123 -28
95 4
-91 -25
13 93
-4 126
-47 -117
19 -92
-8 -94
2 126
-94 -7
-85 41
86 -38
-18 92
74 101
81 -48
-60 73
-70 62
-69 -106
94 -7
56 -75
-12 93
98 79
-35 -87
-18 92
25 33
108 65
-91 25
120 -37
13 93
109 64
-12 125
72 60
-87 -37
-80 48
-4 -126
-93 2
-90 -30
-91 23
70 62
-33 -88
-121 -33
-40 16
-34 -88
65 -67
15 39
-91 -86
-64 69
-17 -39
27 -32
-2 -42
-33 88
11 93
-92 12
-94 7
63 70
84 -43
36 -87
-52 -114
-84 42
-8 126
73 59
77 -99
-122 -33
0 -93
-84 43
15 -125
-57 112
87 38
94 -5
94 -7
92 18
-36 -22
-123 22
94 -83
-93 10
-12 93
82 -46
-30 89
33 -26
114 50
-42 8
38 86
126 4
92 17
42 2
-2 94
-93 -11
-68 65
8 125
-6 -93
-19 39
32 122
70 -105
27 90
73 58
76 -100
-87 36
27 32
43 -119
-123 25
-29 30
-19 125
-3 -94
-59 111
-126 0
-31 29
16 -124
-77 -100
-41 -12
-122 30
85 -42
13 -40
93 11
28 -32
-39 -16
-35 86
24 35
44 83
125 7
-35 23
-52 -77
-5 41
21 37
-85 41
77 -53
-125 17
-81 -49
-33 -27
79 50
-52 78
72 -103
-126 2
-42 84
20 -37
42 -7
-90 87
-18 39
94 4
-92 -11
21 92
-6 -42
-78 -52
-57 111
-117 48
38 20
-77 54
-27 -33
-93 -3
-34 -87
-94 4
-26 32
-26 -90
38 -20
12 -93
85 -39
-20 -92
-58 -74
-38 86
35 -25
-81 47
-1 125
92 -15
21 -37
77 55
-2 95
31 29
41 3
-121 37
89 89
-99 -77
55 -75
14 40
32 -28
73 59
36 -21
-59 111
-123 27
98 79
86 -38
68 106
-109 -61
-84 -43
25 34
121 34
39 -14
-50 -79
42 -84
-28 31
35 -121
-117 48
25 -34
-1 42
36 -22
-78 53
14 -40
-66 66
-92 86
-78 52
84 -42
108 -65
84 -40
-72 -61
5 -94
-91 -25
-42 -1
15 39
94 85
-84 41
-42 1
-94 2
-78 98
-59 -73
40 85
123 27
-32 88
-22 -36
23 -36
3 -42
-79 -50
-25 33
-93 -8
5 125
-73 -59
31 -89
25 91
-20 -38
-73 102
14 -125
6 93
-33 -25
-11 41
39 -16
-30 -29
-48 -80
14 124
-69 -105
-16 92
85 -38
-66 -107
-45 -83
-42 -7
-72 -60
-90 -89
34 25
2 -126
57 -74
31 29
57 -112
6 42
-12 -93
19 -38
44 118
-35 -24
41 13
-124 22
9 93
-88 -33
17 93
-69 64
30 -89
71 61
20 -92
25 90
7 -41
-92 -18
-91 88
41 84
70 64
-27 90
-65 -109
44 82
-91 23
-63 69
24 91
70 -62
63 69
-90 28
106 67
-15 40
-47 -82
-93 -9
79 50
-31 -88
111 60
-84 42
-69 -64
-91 -24
-59 -72
26 123
48 -80
-31 30
15 -40
26 -90
-105 69
-34 88
1 93
-5 -126
-93 -1
-93 -10
-83 -43
-21 91
-64 -108
10 -94
-91 22
36 -86
-119 42
88 90
-16 39
-42 84
-94 -5
-93 11
-107 -65
119 39
-7 -42
-93 -6
29 30
-14 124
54 76
108 -63
-90 -29
36 22
-93 12
3 126
-91 -20
91 -23
-69 64
-3 42
-66 -66
24 91
79 97
-49 -80
-122 -26
-56 -75
93 6
76 100
-88 90
-24 34
-11 40
-38 85
-72 60
-19 91
36 -23
84 43
-30 -29
7 93
-2 42
42 -9
71 105
-19 -37
-65 108
25 91
-91 -19
-39 16
91 -23
74 -100
19 -125
75 -55
-46 -117
9 92
92 -17
33 27
66 -67
43 -1
-60 -71
-94 4
-70 63
-11 41
42 -7
-10 -41
-91 -20
90 25
125 18
5 42
116 -49
35 -25
70 63
0 -42
93 4
69 -105
-123 26
56 114
83 94
-50 115
51 -79
-13 -41
83 94
120 42
-67 -66
88 89
118 45
38 -86
74 57
40 84
-58 75
-17 -39
90 30
124 21
94 -2
92 15
-40 -11
117 -47
-90 28
74 -101
-73 -58
-72 61
-104 70
-43 118
33 87
-93 -2
-97 -79
-31 121
-43 -83
6 -93
-31 89
1 -94
123 25
8 42
51 114
90 -25
6 -42
9 41
34 -25
26 34
-42 -9
-72 59
81 97
-89 -30
93 13
-56 75
123 -23
-112 57
-22 36
43 4
-58 -73
1 -95
-57 74
-24 -34
90 -27
39 -119
33 -87
-2 94
-87 -90
58 74
-122 -35
86 38
-56 -76
-94 -1
28 -90
-25 35
4 -94
91 -21
46 -82
81 -47
117 -46
-28 -32
40 85
-53 114
-77 -53
86 38
-39 16
89 -31
74 -58
-38 86
-66 67
74 57
-90 -88
76 -55
0 43
-37 -121
53 113
121 -38
10 93
33 -88
94 9
123 25
4 42
-73 59
-71 -61
94 9
-112 -59
1 -42
124 -16
-59 -111
-14 -40
-40 85
87 -33
33 -121
46 81
-15 93
108 -64
-81 -96
82 -96
-35 -22
65 -68
12 -125
-3 -126
122 -30
-69 -63
-26 -90
93 9
4 -42
9 41
11 -93
-72 60
-88 -34
97 79
17 -92
5 94
40 11
-89 33
-20 93
-56 -74
-39 15
61 111
93 -5
-34 -25
8 -93
41 9
125 11
-43 83
42 5
-11 126
55 77
-2 43
45 -83
-35 -86
-65 -68
-26 -90
88 -31
-40 -84
-42 4
-21 -124
74 -57
77 99
35 86
-90 -88
83 -46
94 6
39 16
17 -39
74 -57
67 -105
80 -98
91 -87
-97 79
98 -78
32 -27
-89 -29
84 -41
106 68
93 6
-7 94
-72 101
87 -36
-87 -35
26 33
-34 25
-26 -34
85 93
93 85
17 -92
-45 -81
-71 103
76 -100
35 88
29 31
-21 -91
100 -77
-34 26
83 96
29 -89
39 86
35 25
73 -103
-18 92
87 -34
-30 29
-92 21
25 34
18 92
-85 -38
89 31
32 28
-76 99
34 25
17 -93
-80 96
28 -89
24 91
-33 26
42 -84
98 -78
-32 28
30 -31
22 -92
42 85
-25 34
-27 33
30 29
35 -87
-33 27
34 -25
85 42
96 -80
-33 88
29 -31
86 -38
26 -33
92 18
-32 -26
31 29
88 34
26 33
83 44
-34 25
39 -84
31 -28
-91 -25
41 85
-45 -82
-34 -25
21 -92
31 89
-22 -91
-101 74
-82 -46
-17 -92
86 37
90 28
27 -33
-102 -73
25 -34
-17 92
-28 32
31 -89
38 -85
-26 -33
-34 25
-86 -38
91 -86
-28 31
41 85
34 25
-74 102
85 -39
91 87
-84 -94
91 -19
-92 17
77 100
-36 87
-29 -30
32 27
-77 99
101 76
-91 -21
29 -32
-86 -92
-33 26
42 -84
-34 25
26 33
-92 86
28 -32
-92 -19
84 -42
18 -92
-32 -28
-89 90
-27 -32
92 -20
34 -26
79 97
-35 87
-30 31
-91 -23
91 19
-26 34
38 86
-35 -87
88 90
96 -82
85 40
77 99
-32 28
90 -29
-84 95
-27 33
-78 99
-33 -27
-87 36
-89 30
-87 -34
33 -27
26 34
27 32
-87 -33
-33 -88
32 28
38 86
82 -96
-94 -85
-89 -31
-90 26
-23 -91
-82 -95
-94 84
31 -29
-30 30
-88 33
-32 -29
87 -35
-86 91
-89 30
86 92
32 -28
35 -87
-27 -91
89 31
91 88
-90 -28
88 -33
-88 91
-30 89
-29 -31
-31 29
-27 -90
-89 -31
-89 -90
-89 -88
-89 -29
30 29
89 88
-30 -88
-29 -89
-33 88
-31 88
-28 -89
-30 30
89 -89
90 -90
-29 -30
-30 30
29 89
91 -87
31 -29
-30 29
-29 -89
-90 -87
-30 -29
-27 89
87 -91
89 -30
30 -29
89 -27
90 -28
-28 -90
88 31
-30 88
-89 -89
-30 -88
89 -30
89 -88
-89 29
-89 28
88 90
-88 -89
90 -89
-29 -90
-89 -31
-31 89
-89 88
89 -30
31 30
-89 30
89 30
-30 -31
-31 28
-29 -89
-88 -90
-90 -88
90 88
-31 -88
30 -90
90 -29
28 90
-88 -32
-87 -91
29 31
-29 -30
-30 -29
-89 30
-30 30
-88 -89
-31 30
29 31
88 33
88 90
89 -30
90 88
-88 31
89 88
89 -89
91 -88
-87 -90
-28 -90
30 30
-91 87
-88 -90
28 89
31 -89
-90 30
-30 31
-30 89
-89 89
-88 -90
32 -88
-91 87
-28 -89
-29 -89
30 30
-29 89
-31 -89
-88 90
89 -30
30 -29
-89 29
92 -87
-90 88
-29 -90
-30 -30
-30 89
-30 89
-89 30
30 -88
89 89
-30 -30
89 -89
-30 -90
-89 -90
-89 88
32 -89
-90 28
91 -87
-88 -90
-89 29
30 89
-30 -30
-90 -88
-30 29
-30 89
-29 -89
89 -30
30 89
-30 -30
-90 88
-31 88
-88 -91
-90 88
90 -88
29 89
30 -88
-30 89
90 -90
30 -90
29 -89
-30 -89
89 -89
30 30
89 -29
29 30
29 31
-31 88
-32 89
-89 88
88 30
29 30
90 30
31 89
31 89
89 -30
-29 -30
28 90
-28 -90
-27 -90
31 -29
31 -29
-89 -31
-89 -29
90 27
29 -31
29 -31
90 88
31 -88
-88 -33
90 -25
93 -85
-91 86
-88 -90
-90 -89
-30 -29
-87 91
29 -30
30 -29
31 -89
-87 -91
-29 -90
-31 89
88 90
-31 89
-30 30
-30 -90
88 -89
-30 -88
90 -88
-29 -90
88 91
-30 29
89 -29
-88 -89
-30 -89
-30 29
89 30
-30 -30
-89 89
-90 -29
30 -89
90 -88
30 -30
29 89
-30 89
-31 89
-29 -89
-89 88
89 -88
-30 30
89 -30
-30 -30
-30 31
-29 -90
-29 -89
-31 29
-91 87
29 -30
90 90
-30 -30
-89 -30
30 -88
-30 29
89 31
-89 -31
88 30
89 -89
89 -90
-90 -29
29 -89
30 -89
-89 -89
90 -88
89 31
-90 29
88 90
-89 29
89 31
-30 89
31 30
30 -29
-30 30
90 -88
30 -30
30 -89
31 -31
-89 -31
-89 89
29 89
-90 29
-30 30
30 30
30 89
31 -89
89 -28
-87 -91
-87 -90
-28 -89
89 -88
31 -89
-30 -30
-30 88
-89 30
-31 89
89 31
89 -88
29 89
89 89
30 -30
30 89
89 -88
-89 -31
31 -89
-89 29
29 90
30 -88
30 -89
-30 89
30 30
-30 30
89 -30
31 30
-89 29
30 -30
-87 -91
-28 -31
-87 -91
90 -28
-89 88
-89 88
-30 -89
89 89
-88 90
-30 89
89 -89
-89 29
89 -29
29 30
-29 -89
29 30
-30 -30
30 -30
-30 89
89 89
90 -88
89 -29
30 -29
-90 88
88 90
-30 -30
89 -31
-29 89
30 89
89 -29
-89 -31
90 -28
29 -30
-89 28
-89 29
91 -86
-30 -31
-89 28
-89 29
-30 -30
30 -88
89 30
-90 88
30 30
89 -89
89 30
90 -29
30 30
90 -88
-30 -30
31 -89
-89 -31
31 -29
89 -88
-89 29
-30 29
29 -90
-30 -30
91 87
87 -90
-28 89
-30 90
29 90
-31 30
91 -87
-90 28
89 -29
89 -30
30 89
-30 -31
-30 -30
89 -88
30 31
30 -88
-88 -90
-89 -31
89 -88
89 -88
-89 30
30 -30
30 -30
31 -31
30 -29
30 -30
31 -89
30 89
90 -88
88 90
89 31
-88 -31
89 90
-30 29
-30 89
-30 -30
-30 30
89 89
30 -89
-31 89
31 -88
-31 30
-29 -30
30 -89
30 30
-31 -89
-29 89
-88 30
-89 -31
-30 -30
31 -30
-88 -30
29 89
30 30
30 89
-30 -89
89 31
-31 29
-90 87
91 -88
30 -89
29 -90
-31 -29
-90 -28
-89 -28
-30 -31
-89 -31
31 -29
-87 -31
-28 -89
-30 -88
-29 89
-31 -89
-89 89
-89 30
31 -30
-29 -90
91 -88
31 -29
-88 -90
89 -30
-88 32
-89 -28
88 -91
-89 -31
-88 -31
88 32
-87 -91
-87 -91
-89 -31
-30 29
-89 29
-31 89
89 89
90 88
88 -90
-88 89
-30 30
88 90
-91 87
88 32
89 -28
90 -87
-30 30
-89 90
89 -31
-30 -30
30 -30
91 -87
-31 88
87 92
90 -88
-90 29
-89 90
-88 89
30 -90
-89 30
-89 30
-31 89
-91 88
31 -29
-29 -90
-30 -31
-30 29
87 -91
-90 -88
28 -31
88 -90
-30 90
27 89
29 32
33 -88
87 91
29 89
31 89
-31 -89
-90 -88
90 -90
-87 -90
28 90
90 -26
-27 -90
33 -88
90 -88
-30 88
-90 -87
31 30
-88 33
-89 -29
-89 30
87 32
-33 88
33 -88
-90 28
-30 89
90 28
30 29
-87 91
-89 31
30 -89
-89 29
-31 29
-30 29
27 89
89 31
90 30
29 -89
-29 30
-88 90
88 -90
90 -88
-32 88
30 30
-89 -31
-90 88
-30 -30
-88 -30
-89 -30
-30 30
90 -88
-30 88
30 29
29 89
89 31
30 -29
-30 -31
-88 -31
89 89
30 30
-89 -89
-88 -89
30 -29
31 -29
-30 29
31 -30
-88 90
-30 -29
-92 -86
33 88
31 88
31 -89
89 -27
-32 29
-86 -93
90 -27
30 30
89 -31
33 88
90 87
-31 -30
88 90
-88 -33
33 -88
26 90
90 -87
30 -89
-31 -29
-90 -27
31 29
30 30
-89 88
88 32
-28 -31
90 -28
88 32
-30 30
29 -30
89 -90
-30 -89
-90 29
31 -30
90 -28
-89 29
31 -89
30 89
30 29
-90 90
30 -30
-90 29
-31 87
90 -27
87 91
30 30
30 -88
-29 30
-30 29
-88 -90
30 -29
31 -30
-29 -30
-88 90
-88 90
-29 89
-89 -29
90 89
-30 90
-90 30
-30 -31
-29 -31
87 90
-90 88
-30 -89
89 30
-30 -31
-88 -90
-90 30
-30 89
-29 -30
30 -30
-89 -89
-89 30
-89 -30
90 -88
89 31
31 -88
-88 -30
30 -89
89 -89
-30 89
30 30
-88 -89
-90 89
-89 29
-90 29
-29 -89
89 30
89 30
30 30
30 89
29 -30
30 -89
89 -29
90 -29
-31 30
-31 29
29 89
-89 89
31 29
87 -90
-91 -88
-89 29
87 90
30 31
27 90
-90 28
28 90
88 32
30 29
89 -29
-89 89
89 -88
31 -30
30 -29
89 31
89 -30
-29 89
29 -31
31 30
89 -89
-90 87
29 31
-86 -92
-90 28
89 -29
89 -88
30 29
-30 90
-89 -89
89 -88
-31 88
-90 87
-31 29
-30 30
89 -30
-29 31
-90 -89
-89 89
-29 -90
30 31
-32 88
-90 28
-87 -91
-88 -32
-89 29
31 -89
30 89
-89 31
88 -90
-30 89
-90 88
-29 -89
91 -87
30 29
-30 29
-30 30
89 -88
90 90
-29 -30
30 -89
31 -89
30 -88
-30 -89
-89 -30
30 89
30 -30
30 89
30 -29
-89 -31
-88 -90
89 -88
-88 -89
89 -30
30 89
-30 -30
-30 88
30 -88
90 -87
-30 -30
-88 -32
-29 30
30 -29
-30 -89
31 -88
-30 -31
-89 -89
-88 30
-89 89
-89 88
-88 -90
-30 29
-89 29
-88 -31
90 -90
88 -89
30 -30
89 -30
-88 -89
29 -30
28 89
-29 -31
90 -27
32 -88
-31 87
-90 88
89 30
-89 31
90 29
-31 -30
-89 30
90 -30
31 -30
32 -87
-33 88
29 89
30 -30
-29 31
90 28
31 88
30 -30
-31 30
-86 -92
-34 88
-86 -92
30 -29
30 29
30 -31
-90 -87
-89 -29
-89 29
-90 87
-28 -31
-91 87
91 -87
30 89
31 88
88 -33
28 -90
29 -89
88 31
-87 -91
-29 -31
-91 86
88 32
28 89
89 31
-30 -30
29 -30
-31 -89
30 30
-90 88
-30 29
32 -88
-87 -91
31 -89
30 30
-30 -90
-30 -89
-88 30
90 -88
-91 87
89 32
29 30
-29 -89
-30 30
-29 89
-89 -29
-30 30
89 89
-88 -89
-89 29
30 -29
-29 -31
87 90
-30 -31
-30 89
30 -30
-89 31
89 -31
-90 -29
-89 -31
-89 -32
88 33
-87 -91
89 -88
-88 89
29 -89
-88 90
-89 -89
31 31
30 30
88 89
88 91
90 -28
-91 87
90 -28
-91 87
-30 -29
-90 88
89 -89
-88 -89
-30 88
-88 -31
-29 -89
89 -29
90 -29
31 -89
29 30
31 -89
-90 30
89 30
-89 -30
30 30
89 30
30 30
89 30
90 30
-31 89
-30 89
-30 88
89 89
30 -89
-30 89
88 30
-30 89
-90 90
-30 -89
89 -31
-30 89
-89 89
91 -88
-31 89
-30 29
-88 -90
-89 -31
-90 -30
-30 30
29 -89
-89 30
-88 30
-30 30
29 90
-91 87
-29 -30
89 32
31 -88
-90 89
-30 29
-90 -30
29 -89
87 -90
-31 -29
-30 -88
-30 30
86 91
-31 30
90 -26
28 90
31 -89
-89 30
-29 90
-31 -30
89 -89
30 -30
-89 28
-90 87
28 31
-90 28
30 -29
29 -30
-30 -88
-30 -29
-89 31
90 90
31 -88
87 91
27 90
30 -29
31 -29
89 -28
29 89
-29 31
-30 -29
32 88
-89 -89
90 -88
-27 -91
-85 -92
31 -29
-88 -33
-90 29
-89 -29
31 29
29 -30
-31 -29
88 30
89 31
-87 -92
29 30
88 33
91 -88
-30 29
90 88
31 89
28 -90
-31 -29
90 90
30 31
-92 85
31 -29
-90 26
90 -87
30 30
-29 89
90 27
-31 -87
-29 90
30 -30
90 -28
90 -28
28 31
-32 88
-33 88
-29 30
-31 -30
-86 91
89 -31
-89 -30
89 -29
91 -87
-87 -91
88 33
-29 30
-31 89
-89 -88
30 -89
30 -89
89 -89
30 -89
-89 -30
-30 30
-30 -89
-89 30
30 30
-30 30
90 -28
-87 -90
91 -87
-32 88
91 -87
30 29
-90 90
-89 -88
89 89
-30 -31
-29 -90
90 -87
-90 88
-91 87
-30 -29
31 -31
-30 30
-89 -30
-30 88
29 89
-88 -90
90 -88
-30 30
-29 30
-30 -89
-89 -31
87 90
-31 87
-87 -90
88 91
30 -30
30 89
30 89
30 -29
-90 88
88 31
89 90
-89 -30
89 89
89 -29
88 89
89 -29
-31 89
31 -30
-30 30
-89 29
30 -29
-30 -30
-89 89
-30 -30
-90 -29
90 -90
-89 29
90 -29
88 91
88 89
-89 -31
-30 30
-91 87
31 -89
-91 88
30 -30
89 30
-30 -29
-30 -89
89 -31
-30 -30
-87 -91
-91 87
88 32
89 -27
-87 -90
90 -89
30 -89
-30 30
-89 -29
-89 31
-90 -29
89 -30
88 90
87 90
31 -30
32 -87
-89 29
-30 -30
-89 -89
-89 89
31 -31
-30 30
-30 -30
-88 -31
31 -29
28 90
-87 -91
30 -88
89 -30
90 -89
-89 89
30 -30
-30 89
-89 89
-89 -31
-89 29
29 30
-29 30
29 30
89 31
-29 -90
-31 30
-88 -90
30 -30
89 30
-89 89
-89 -30
31 -30
29 89
30 -89
31 89
90 88
87 -91
-89 89
91 -87
-30 29
-28 -90
-89 -32
-29 -90
-29 -89
89 88
88 -89
29 -89
30 30
-89 30
31 -89
-29 -31
-29 -30
30 31
89 89
88 -30
-89 -89
-89 30
-89 -31
-29 -30
-87 -91
29 90
-89 28
-88 -31
-89 -31
89 -29
89 -88
29 -30
30 -89
30 30
-88 -31
30 -88
-88 -90
-31 89
88 90
-88 -30
89 -88
-89 -30
-30 -30
-31 -89
29 -89
89 88
-88 -90
30 30
91 -87
-29 30
28 89
89 31
-28 -90
87 91
87 90
88 91
31 -89
88 32
89 -29
-30 29
-89 30
89 29
-91 -88
-89 31
-30 90
88 90
87 91
91 -87
-30 29
91 -87
-90 29
31 30
29 -89
-29 90
-30 -89
-89 88
-29 30
-29 -30
-89 -31
-29 -31
91 -87
-28 -89
90 -88
-89 -89
30 -30
90 29
-89 -30
29 89
-88 -89
-90 89
-89 -89
-31 89
-89 29
29 30
31 -89
-89 -31
-88 -90
-30 89
-30 -30
-30 89
-90 -88
89 -89
-30 88
31 -89
-91 88
89 -29
-90 29
-30 89
-30 89
30 30
31 89
-31 -89
-89 30
-89 29
31 -29
33 -88
31 -87
-89 -89
30 29
-88 32
-31 -29
-89 30
30 -29
88 34
-26 -90
-30 -31
-89 88
89 -31
89 -31
-89 -29
-30 -89
-88 -91
-28 -90
91 -86
87 91
-87 -90
30 -30
-88 -90
30 89
30 29
-29 -89
89 31
-33 88
-31 88
-87 -90
-88 30
30 -30
88 30
30 -89
-29 -89
-89 29
89 30
-30 31
89 88
30 -89
89 31
87 91
29 -30
30 -29
-29 -89
-29 -30
-30 88
-89 89
-89 -89
89 30
88 89
90 -88
-31 89
89 -29
88 89
90 -89
-29 -30
29 89
90 -88
-88 -30
89 -30
31 31
89 -30
-89 -30
89 90
90 -88
29 89
-89 -31
32 -88
29 -30
30 -29
30 30
88 89
30 -89
-29 -30
29 89
-88 -90
-30 30
30 89
-89 -90
-89 -31
-88 -89
90 -28
-30 29
-29 -89
-30 30
88 89
-89 88
-31 89
-31 89
29 90
31 -30
89 89
30 30
29 -89
30 -30
89 -88
-88 -90
29 89
-31 88
90 -89
-30 89
30 88
89 -30
89 -89
89 30
-90 88
31 -29
88 31
-31 30
29 -89
91 87
91 87
-29 31
29 -90
29 89
29 30
32 -29
-31 30
33 -88
88 -30
31 89
-91 -87
-87 32
-88 30
30 -30
91 -86
-86 -93
90 -26
90 -28
-88 -90
88 -90
31 88
88 -31
30 -30
-30 30
31 -88
-87 -31
-87 -91
-91 87
30 -29
-88 -90
-30 30
31 88
31 89
29 -89
-89 -30
-29 -89
28 90
29 30
29 -30
-28 -89
-87 -90
-88 -33
90 -27
-31 29
-30 89
89 -31
87 -91
29 -31
-30 31
89 -30
-30 29
88 33
31 -28
91 -87
89 31
90 87
-31 -29
-88 33
90 29
-89 -89
-89 28
91 -87
90 -28
92 -86
-30 29
-88 -90
-30 -31
-31 -88
-29 31
-89 -28
-29 -30
90 -87
-86 -92
-86 -91
-89 29
89 31
-89 30
30 30
30 29
89 30
89 89
89 -29
29 30
-31 89
89 -28
-87 -90
-30 30
29 89
-30 29
-31 89
-90 88
30 89
89 -89
89 -90
30 -90
-30 -90
30 -88
31 -29
-29 -31
88 90
30 89
90 88
-88 91
-29 90
30 30
90 -28
-31 28
-31 28
-29 -31
-30 30
31 28
-85 93
-32 -29
-30 30
31 -30
85 92
84 94
-33 88
33 -88
90 29
30 -31
26 -90
-27 89
-29 30
-88 89
-29 -89
-91 87
33 -88
-27 -89
89 31
89 -30
88 -90
28 -89
-30 29
-90 -30
-30 -30
30 30
-30 89
31 -89
89 31
-88 -89
30 -88
-30 89
88 90
-29 -89
-30 -89
-30 -29
30 -89
-30 -30
88 31
-28 -89
90 -28
88 91
90 -88
-87 -91
-29 30
-31 89
-89 29
88 31
91 -88
88 90
90 -88
-30 -89
-89 89
29 -90
30 -89
88 90
-90 29
-29 -89
89 89
-89 -89
89 -30
30 30
90 -88
-29 -30
29 31
-88 -31
-28 -90
-89 89
89 30
-30 89
-30 88
-89 30
-90 90
89 -30
30 -30
30 31
-88 -89
88 91
88 90
-88 -33
-31 89
-89 28
-30 90
-88 90
89 29
88 -89
-89 89
30 -30
-30 29
31 -29
28 90
-87 -90
88 -90
-29 89
-29 89
-30 -30
-89 89
-30 88
88 90
-91 88
29 89
-30 -30
89 30
-30 -89
88 -30
30 89
-89 30
-88 -90
31 -89
90 -28
-87 -90
-31 88
-88 -30
30 30
-30 30
89 -88
-29 -89
31 -89
-31 89
-30 30
30 -88
-29 -90
-88 -90
-90 88
89 -88
-29 30
-30 -30
-89 -89
88 31
88 91
87 90
90 -87
-90 88
29 30
-30 -29
-90 89
89 89
30 -30
-88 -30
89 -88
-29 -89
-30 30
87 91
88 90
30 -29
89 -29
31 -88
31 -31
-89 -88
30 30
-89 30
88 89
88 90
-89 -31
-89 -32
-88 -31
88 91
-29 -90
30 30
-30 89
30 -30
30 29
90 -89
-30 30
-30 29
88 31
90 -87
89 -29
89 31
30 -30
89 89
-29 89
-90 -30
30 30
30 31
-29 -89
-31 29
31 -89
88 32
89 -89
31 30
30 29
-89 -29
-30 30
30 -88
30 31
91 -87
-90 28
88 91
-30 29
-29 -89
30 90
-88 90
31 89
89 -31
-30 -89
-88 -32
88 31
-87 -92
29 31
-29 -30
30 -88
88 -89
31 89
30 -30
30 30
30 29
88 91
-89 -32
-29 -32
-88 -32
28 90
30 -89
-30 30
89 29
90 29
30 -31
89 -30
-30 89
31 -88
90 -28
29 89
-88 -90
-87 -91
30 29
30 -29
89 31
31 -88
-90 89
-29 -90
88 -30
-30 30
30 -30
-89 -30
90 -88
90 -88
-88 -31
30 -88
-29 -30
-30 -88
30 -30
-30 -89
-89 88
89 -29
-90 88
-30 30
-89 29
30 -89
-88 -90
-30 -30
30 30
-88 -89
-29 -89
89 31
-29 -30
-28 -89
-89 88
-88 -90
-31 89
30 -30
-89 -30
-30 -31
-29 -89
-30 89
-30 89
89 88
-90 -88
-89 31
30 89
88 90
-90 28
29 30
-33 88
88 91
29 31
30 -89
-30 30
89 -31
31 29
-90 -89
-31 89
-86 -91
92 -87
-90 27
29 89
90 -88
30 -30
-89 89
-31 -30
89 -30
-30 30
-30 -31
-31 29
-28 -90
87 91
30 89
-89 -30
-30 30
30 30
-90 30
89 90
31 -88
-90 87
-32 88
90 -28
-88 -90
-30 -89
-30 -89
-30 -30
-90 -90
-89 -89
90 -88
30 30
-88 -33
29 89
-88 -32
-89 -31
30 90
-89 -29
89 -31
88 -89
89 -89
88 32
29 89
-31 88
29 89
30 -30
89 -29
-89 -30
31 -89
30 -30
-89 88
89 30
-89 -31
-30 -30
-30 -30
-30 89
90 -29
-89 29
30 30
88 89
-29 30
-29 -30
-29 -89
33 -88
90 -28
29 31
-30 89
-89 30
30 30
-31 -29
88 -30
-89 -89
90 -29
-31 87
29 31
-91 87
-30 30
-30 -30
30 89
90 90
89 -29
30 30
30 31
-89 88
91 -88
90 -88
30 -29
89 -88
90 -90
88 -89
31 29
-89 -29
-29 -30
-32 88
-29 -31
-28 -90
29 -30
89 -30
30 30
-30 -30
88 91
32 -87
-87 -91
-91 87
32 -88
-89 29
30 -90
29 -90
-89 -29
-89 -29
-30 29
30 88
-31 89
89 -30
89 -30
-30 -30
-30 30
29 90
-88 -31
-31 87
29 89
-89 29
-30 -30
30 29
-89 -30
88 90
90 -87
-91 88
31 -29
-89 -89
89 29
91 87
-89 -28
31 30
-89 30
-88 -31
90 -28
-87 -91
90 -28
-31 29
91 -87
-29 30
-30 -89
31 88
-89 -30
88 30
87 31
29 89
29 89
30 -88
30 29
-30 90
90 30
31 -88
-31 30
31 -28
32 -89
31 -89
-32 -88
-31 -28
-26 90
90 29
29 30
-31 29
34 -87
88 34
31 -29
-89 89
-28 90
-86 93
29 -32
-32 -89
90 -90
88 33
85 93
-34 88
33 -87
29 -30
-90 -89
91 86
89 -31
-30 -29
88 30
-88 -33
86 92
88 34
31 -89
89 31
-31 -88
29 -89
-31 -89
-89 30
30 88
-88 -90
-33 88
-31 88
31 -88
31 -89
-30 -90
-90 -89
-30 29
-30 -88
-30 -30
-30 88
-30 -89
89 31
89 -29
88 89
30 -88
30 -89
29 89
-90 88
-30 88
29 -30
90 -90
-90 -30
-30 -30
-31 30
-89 28
-28 -90
31 -89
-88 -32
29 -30
29 30
30 -90
-30 -30
-89 29
-29 -89
-31 30
89 31
-32 88
-30 -89
-30 -89
88 -31
-89 31
31 -30
29 31
31 -28
31 -89
89 -30
31 28
-31 -30
29 -30
88 89
-28 -89
88 33
-93 85
86 92
-30 29
-30 -29
89 -90
90 87
-89 -29
-30 31
88 89
-87 -90
31 -29
-86 -93
-88 -33
-30 29
-30 -89
-87 91
88 -33
-27 89
-29 90
89 31
91 -87
-89 27
29 30
90 -87
-90 30
31 -30
89 29
-88 90
89 29
31 89
-90 -29
-90 90
29 89
-29 -90
88 31
90 -28
29 89
-90 88
-87 -91
89 -29
88 90
89 -29
-30 -90
90 -90
88 -89
30 30
-89 29
32 -88
30 29
30 -29
-31 89
87 90
-89 29
29 30
-88 30
89 -89
89 -30
89 30
90 -88
-29 -31
-88 -89
88 30
89 30
88 -30
30 -30
-30 88
-30 89
-89 -31
-30 30
-30 30
-30 -31
30 -89
-88 -90
-30 30
88 89
30 -89
88 90
-29 -31
-31 88
29 89
-30 -89
-89 -88
-31 -89
-89 89
-30 89
-89 -31
31 -29
90 -29
-89 28
-89 30
90 88
-89 -29
-89 89
89 -29
88 91
-29 -31
29 90
30 31
-30 29
89 89
-30 -30
29 -89
-29 30
-30 -30
-88 -90
31 -88
-88 -91
31 -28
-89 29
-31 89
89 29
-88 90
-31 -88
-30 30
-30 30
30 31
88 30
-87 -90
-31 89
30 -29
-88 -90
89 -29
30 30
-30 30
30 29
89 30
-30 -30
89 31
-88 -32
88 91
88 91
29 89
-89 89
89 30
30 -29
-30 89
-30 -30
-30 30
-31 -88
30 -31
30 -30
-88 -89
-31 88
-32 88
-31 28
29 31
88 33
29 -90
90 28
-33 -87
27 -89
89 28
-29 -90
29 89
86 92
87 33
29 31
91 -88
-30 90
31 89
-88 32
-27 89
90 88
29 89
91 -86
-90 26
-26 -89
-33 88
-88 -31
88 -90
87 -91
-91 -27
31 29
-89 31
-89 29
-29 -30
-93 85
34 -87
93 -86
31 -28
-30 30
-90 -28
-84 94
28 -32
90 26
89 89
-85 -92
-29 -32
83 94
26 90
-91 87
-30 30
90 87
-90 -26
90 28
31 89
-30 -31
90 -28
33 -88
-29 -31
-87 -33
29 89
-30 30
-87 90
28 -90
91 88
-29 -30
88 90
-28 -90
30 -29
-89 27
-89 -31
29 89
-30 30
29 -30
89 29
-88 90
-30 30
-90 29
88 90
-28 -90
-90 28
31 -88
90 -28
88 30
89 31
30 30
30 89
29 -30
-29 -89
29 89
28 90
-27 -89
32 -87
-89 -32
30 -30
-88 -30
-31 -29
-31 -30
89 88
89 -88
-31 87
31 -29
87 91
30 -30
89 -30
-30 -89
31 31
29 89
31 -88
-30 -31
31 -88
90 -88
-89 -31
30 -88
-89 30
89 -30
-30 -89
-30 30
30 -88
-88 -30
32 -88
29 89
-30 29
-30 -89
-89 -90
-89 -88
-89 31
-89 -30
-89 -30
-31 30
31 -89
-88 -32
-30 89
89 -30
30 -30
31 89
-88 90
-89 -30
-89 -31
-31 89
-29 -90
31 -89
-88 -90
89 31
89 30
90 89
89 30
-90 -30
-30 -89
-89 30
-30 -29
-29 -30
30 31
31 -29
27 89
32 -87
30 88
-89 -29
89 29
88 -90
31 30
30 -90
-30 30
88 91
-28 -90
-90 28
-29 -31
28 90
89 32
89 31
89 31
31 89
-31 -89
90 88
30 -30
89 -29
87 91
31 -29
90 -28
30 -29
89 -88
-30 -31
88 -89
-30 -30
89 29
30 89
89 30
-29 -89
31 -89
88 31
88 30
-90 29
-89 -30
89 89
-89 30
90 29
90 90
-30 30
-31 88
91 -88
-28 -31
89 32
-29 -89
-31 -89
90 87
90 27
90 29
-30 30
-91 87
90 -27
86 92
-29 -31
29 90
30 -89
89 -90
89 88
89 -31
90 88
89 30
-89 -31
-87 -91
33 -88
31 -89
89 31
-30 30
88 -90
-89 -29
-30 89
88 -30
-29 -89
30 -30
89 31
90 -88
-29 -89
88 89
29 89
29 30
88 90
-90 88
-30 30
30 -89
31 30
30 -30
-89 89
91 -88
-31 87
88 33
90 -88
-30 -30
90 29
-89 -28
30 -30
30 30
89 90
-29 -31
90 -87
-87 -91
-29 -30
-29 30
30 -90
-30 30
89 -88
-89 28
-90 87
31 -29
-90 88
-30 -30
-29 31
-89 -28
29 -90
-88 -31
-89 27
29 31
90 -28
-31 89
-30 88
89 -88
-89 30
90 30
89 29
-30 -89
-30 89
-89 29
90 -88
88 32
-30 -29
30 -29
-30 -89
88 31
-30 -90
90 -29
-30 30
30 30
30 -88
-31 89
30 -29
-29 -31
88 31
-90 -89
-90 -88
-90 -29
-30 30
89 -30
89 31
-28 -89
-91 87
29 90
-89 28
89 89
-89 89
30 -89
89 -30
-89 -31
-89 -31
31 -29
-30 -30
-89 -90
-88 90
-90 -88
89 89
89 -30
-89 27
87 92
-29 -30
87 90
-89 -90
-29 -30
-89 -30
-89 -31
88 89
-89 30
-89 30
90 -88
-29 -90
88 91
88 89
-89 -31
-30 30
87 91
-29 30
89 -28
88 90
31 -29
27 90
87 90
30 -30
30 -30
30 30
29 -90
-89 -30
89 -29
30 -30
30 31
-89 -89
30 30
90 -88
90 -29
89 -27
88 91
29 89
-30 -90
90 -90
-30 89
-89 -30
-89 29
-88 -89
-89 30
30 -90
-29 -89
29 90
-31 30
29 30
-29 -89
-89 30
-89 30
89 -30
-89 30
30 30
30 -30
-31 30
87 32
-33 88
30 30
-30 -30
-89 -29
-89 -29
90 30
-30 30
-29 -89
-29 -31
87 90
30 -30
88 89
-30 -89
-29 -89
-29 -31
87 90
-88 -31
-89 -89
30 -89
-89 -89
-88 -89
-30 89
-29 -30
-89 29
-30 -30
89 90
-30 29
30 -30
89 31
30 -88
-29 -89
-29 -30
30 30
-89 89
30 89
-30 89
88 90
30 -30
-88 -32
31 -89
30 -29
-30 30
30 -30
-89 31
-30 89
-30 -88
-31 89
90 -29
91 -87
-28 -89
31 -89
89 89
-89 30
30 89
-30 -30
-30 -30
-91 87
-29 -89
-90 28
31 -89
30 -30
-90 89
-29 -30
-90 88
89 -29
-88 -89
-89 30
89 -30
30 30
-88 -31
-28 -89
28 89
30 31
-89 29
-90 29
29 89
-29 -30
89 -29
-30 30
31 -30
-89 30
89 -89
-30 -30
30 89
30 89
89 -29
30 31
88 31
91 -88
29 31
-31 89
89 30
31 89
88 -90
-88 91
30 -30
89 -89
-28 -90
-28 -31
-90 28
-31 29
-30 88
-89 88
31 30
30 29
87 -91
29 -30
89 30
29 89
31 -29
87 33
-30 29
29 30
88 -89
89 -32
-92 -87
27 -89
-30 90
-89 -31
87 91
31 -29
-90 28
88 33
30 30
-29 -89
29 -89
-90 -88
88 -90
-89 -89
-30 -29
29 30
28 90
85 92
88 32
29 31
-30 30
30 89
-90 -88
-29 90
90 90
-31 29
-30 29
31 -30
-89 -89
-31 -89
-89 -29
29 -89
89 -88
89 31
90 -87
-31 88
-89 29
-29 -30
30 -30
-30 -30
31 89
-30 -89
30 89
-31 29
-29 -30
30 31
30 -29
88 -30
30 -30
90 88
-30 -89
30 89
89 -29
-87 -90
30 31
32 -87
31 -29
-29 -89
-30 -30
29 -89
31 88
29 -90
88 -90
-29 -89
-88 -89
-30 -31
89 -29
-88 -33
30 -30
-89 -31
-30 -89
30 90
-30 -89
-89 -89
89 -29
30 30
28 90
-88 -32
-87 -92
-89 -32
-88 -89
-90 -90
-89 31
90 30
89 30
-91 87
-31 89
91 -88
90 -88
89 89
90 88
31 89
30 -89
29 89
30 -29
-88 -90
-89 28
29 89
-30 -90
-89 -30
-89 -88
89 -89
30 -89
30 30
-88 -90
-89 29
-87 -90
-30 30
-29 -89
-29 -30
88 90
88 90
-30 -89
30 -89
31 31
-31 89
30 30
88 30
29 90
-31 89
-30 -30
-30 -30
88 89
29 89
88 90
30 -29
30 31
88 30
-89 -30
-89 -89
88 30
30 89
30 -89
-30 -30
-90 30
-30 30
90 -29
-31 89
-88 -90
30 -29
-89 -31
30 -29
-30 -89
-30 -30
-91 -88
-29 89
-88 90
-29 -89
-87 -91
31 -29
-91 88
89 31
-89 -29
-29 30
88 -31
-87 91
89 89
-29 -90
-87 -91
88 32
-89 27
31 -29
-31 30
29 30
29 -30
32 88
-31 -28
-88 31
-29 -89
30 -29
-87 -35
94 -85
-92 86
-89 29
-88 90
33 88
26 -90
86 -93
-31 -88
88 31
-33 88
87 34
-90 26
-28 -90
89 -89
87 -32
31 87
90 29
-30 -90
-88 -31
32 -87
-28 -31
-29 -31
-29 -90
90 29
-91 -88
90 87
-87 90
90 90
30 -29
-87 -91
-29 -31
28 90
-29 30
-30 29
-90 88
-29 -90
90 -89
-30 29
-89 -30
-89 89
-88 90
-88 31
30 -31
30 -90
-88 -31
31 -30
-27 -90
28 31
-30 30
30 89
31 29
-89 90
89 -89
88 31
91 -88
-87 -91
-33 88
-29 -89
-90 29
29 -30
-30 31
-30 -30
-89 -89
-30 -31
90 -28
88 33
90 -28
88 33
-30 -89
30 -89
-29 90
-31 -29
-89 31
-89 31
88 90
-32 88
-34 88
33 -88
-30 29
-90 88
-89 -29
32 88
-91 -87
91 87
89 -30
-90 29
-31 88
-30 29
-91 86
-31 29
-88 -91
30 -29
-91 -87
-90 -88
31 28
-88 31
-89 30
86 91
-87 -34
-94 85
33 -88
-31 89
-31 -89
-33 -88
92 86
-89 -27
89 -30
90 -87
-30 -31
-92 86
-90 28
-28 -90
-30 -30
-30 -29
-30 89
31 -89
29 30
-31 30
31 -88
29 89
30 89
89 89
-29 30
31 -30
30 -30
-31 88
-29 -89
-88 -90
89 -29
89 -29
-30 -89
89 30
-89 30
30 30
-89 -89
-30 88
-29 -89
-32 88
-31 89
90 -29
30 29
90 90
30 -90
-29 -90
30 31
87 32
29 89
-89 -31
89 -88
89 -30
-30 -31
-89 -89
89 -89
-30 89
30 -29
89 31
-88 -90
-89 89
-89 89
-29 89
90 30
-30 -30
-90 89
-29 -31
-29 -31
-90 88
-30 -30
-90 -29
90 89
89 -30
-30 -90
30 -88
89 -29
-89 29
-90 88
29 30
-89 -31
-29 -30
-29 -89
89 30
90 -30
-89 -30
-90 -88
30 -89
30 -88
-89 29
89 -29
90 -88
30 30
-30 -30
29 30
89 30
89 31
88 30
-88 -89
-30 31
89 89
89 -89
90 -28
32 -87
-91 87
-29 -31
90 -29
-89 88
-90 -89
30 30
-90 -88
-29 30
-89 30
29 89
90 -28
30 -29
-89 27
-87 -91
-87 -90
89 89
-30 89
88 -89
-30 -88
30 30
30 -88
31 -89
30 -29
31 -29
29 90
90 -30
31 29
88 -33
-88 90
89 -88
-27 -89
32 -88
89 -27
-29 -90
88 30
-30 -89
-30 90
-89 31
-30 30
-89 30
-30 29
-91 87
88 33
88 31
30 -89
-30 -29
90 88
-32 -88
-30 -89
-30 29
27 89
90 -27
-87 -91
-30 88
89 30
89 89
30 30
89 -89
-30 30
29 89
-30 -30
-28 -90
90 -88
-87 -90
-88 -90
-30 29
89 -29
89 31
90 30
-89 -29
-29 30
88 -89
-89 -89
-30 -30
-87 -91
-88 -31
90 -28
-33 88
-29 -31
30 31
89 -89
-30 89
90 88
-30 -89
-89 -89
-90 88
88 90
-90 87
-89 28
29 89
-30 -30
-30 89
30 89
-89 -30
-89 30
-89 -31
89 30
31 -30
89 30
89 -89
-29 89
29 -89
29 -30
-30 31
30 -30
-90 87
32 -88
92 -86
-31 28
-90 88
30 -30
29 -31
90 26
-88 33
-30 -30
31 -30
-28 -31
85 93
29 31
88 32
29 -30
91 88
28 -90
-29 89
-90 -90
89 -29
29 89
-31 29
88 33
89 32
-30 -31
-87 90
29 -30
-92 -87
32 88
30 30
31 -89
33 -88
33 -88
-33 88
-28 -90
30 30
-30 -29
91 87
-29 90
-89 30
29 90
-29 -89
-30 29
-90 28
-87 -90
-89 -90
29 90
89 30
-30 -30
30 89
30 89
90 -88
90 -88
-90 29
91 -88
89 -29
-90 88
30 89
-30 88
-89 89
89 -30
-30 -30
-30 -30
29 89
-29 -31
31 -29
29 89
89 -88
31 88
-31 -30
-30 -29
88 -90
89 -29
-31 29
91 -87
87 91
-30 30
-89 30
90 89
89 89
-90 30
-30 88
-29 -30
89 -29
-31 89
90 -29
88 90
31 -89
88 90
-30 30
30 89
29 30
88 -30
31 -89
-30 -89
-88 -90
89 -29
-87 -90
90 -29
89 90
-29 -30
-30 89
-89 -31
-88 -89
-29 30
90 30
-88 -90
-87 -90
-89 28
87 32
-32 88
29 89
89 -88
30 89
88 -30
29 -90
29 -89
-30 -89
90 -29
89 31
88 90
-87 -91
-89 29
30 -29
-29 -89
-89 -89
89 -31
29 -89
-30 90
90 -88
-88 -32
-88 -91
31 -89
-30 -30
-89 89
-89 90
90 -29
30 30
31 -89
91 -87
91 -87
91 -88
-30 -30
-89 -29
88 -91
29 -89
-89 31
-89 29
-29 -30
32 -88
-88 -32
31 -29
-30 30
89 30
89 27
-90 -29
89 -31
89 89
30 -89
-88 -91
-29 -31
29 30
91 -88
-89 -30
30 30
30 -30
-30 30
-89 30
-89 -30
30 -30
88 31
-30 88
88 90
-89 -31
-30 -30
-88 -89
30 29
30 -29
88 90
91 -86
88 31
-31 88
89 89
-89 -89
89 -89
-30 89
-29 -30
29 89
-88 -89
-88 -30
-90 29
-89 -31
89 -29
88 89
-30 -29
-89 -90
-88 -90
-29 -90
30 31
-89 28
91 -88
-30 -30
29 90
-89 88
-89 29
-31 89
90 -30
-89 -30
30 89
-89 89
-30 -89
-89 30
31 -89
-89 -31
-91 87
-88 -31
88 91
-89 89
89 89
30 -89
-89 88
30 29
89 31
88 90
29 90
-89 28
-88 -89
-89 -31
-31 89
32 -88
31 -89
-30 29
30 30
30 30
-31 -89
-30 29
-30 -30
-88 -90
-30 88
30 29
31 30
30 -90
29 90
-87 -91
27 90
-90 28
28 90
29 30
-30 -29
-89 29
31 -89
-90 29
91 -88
88 90
-90 88
30 -30
30 -30
30 89
90 -90
89 -29
88 89
31 -30
29 89
29 89
-89 29
30 30
89 -30
89 -30
31 -89
30 -30
-88 -31
-88 -89
-29 -89
-30 30
91 -87
30 30
-30 29
31 -89
-87 -90
89 -29
30 -29
30 -30
-30 30
-31 -89
90 29
90 90
90 -88
88 31
88 31
31 -28
-32 88
-90 88
-90 -88
-28 31
31 30
-30 30
-30 29
-88 -32
86 92
-31 28
-88 -90
-30 -89
32 87
-87 91
-88 31
-89 -89
-28 -89
29 31
-28 -31
-29 -31
-29 -30
30 -89
31 30
-31 -88
90 87
30 -89
88 90
-28 -31
87 91
33 -88
89 -88
30 89
29 -90
-31 -29
-30 -29
-88 90
-88 -90
-88 -32
33 -87
88 32
-89 -31
30 30
-31 -30
-29 30
89 -31
-89 89
29 89
86 91
33 -88
-87 -92
90 -28
30 30
30 29
88 -90
90 30
-89 -31
30 -29
90 -28
29 30
89 31
89 -89
90 90
89 88
30 -30
-30 30
30 -29
-29 -30
-88 -32
29 89
-88 -31
31 30
89 88
30 -30
-31 89
-90 29
-30 -29
-30 29
-87 -90
-91 86
90 -28
89 -88
30 -89
-89 -89
-30 -30
89 -89
90 30
-88 -90
-29 -90
-88 -31
89 -29
31 -89
-30 30
89 -88
30 29
-29 -89
30 30
-29 -90
-88 -31
32 -87
87 90
89 31
-89 88
-30 -89
30 89
89 -89
30 90
-31 30
-90 88
-29 -89
89 31
-88 -30
30 29
-30 30
-89 89
88 89
-30 -31
-28 -31
31 -28
91 -87
30 -30
90 87
86 -93
-31 -29
-87 90
-30 88
31 -28
-93 85
88 33
88 32
-30 -29
-30 31
-90 -27
-31 -29
29 -89
-90 88
33 -88
29 31
-87 -92
91 -87
-89 29
89 89
90 88
-91 -88
-88 90
89 30
30 30
30 -29
88 90
-30 29
-29 -31
-30 -30
89 30
30 -29
30 -30
30 -30
-88 32
-29 90
-30 -88
29 89
90 -29
90 -27
31 -28
-89 -32
29 89
29 -31
-88 33
90 26
-90 -29
31 -88
-90 26
88 33
28 31
30 30
-89 89
-87 90
-30 31
-90 -29
-30 30
31 -88
31 -28
31 -28
-31 29
30 89
-88 33
-33 -87
92 85
28 -90
90 -90
-91 87
28 32
85 93
-86 -93
-29 30
-30 -88
-29 31
88 -90
-89 -29
-29 -89
31 -30
32 -88
-90 28
-29 -89
-90 89
-30 -30
-88 90
-29 30
88 -89
89 30
-89 -31
87 91
32 -88
-28 -89
31 -30
-89 -89
90 -30
29 -89
-30 90
89 30
89 -30
29 89
30 -29
31 -29
-90 29
-89 -30
-89 -27
29 -30
91 87
-88 90
30 -89
-31 89
-28 -90
-90 29
90 -28
-88 -89
-90 88
-30 -30
-30 29
29 -30
-88 -91
-89 29
-90 87
28 89
-31 88
30 -89
-30 30
30 -30
30 29
-30 90
-89 -31
-90 87
-91 88
31 -28
-89 29
-89 -30
87 -91
31 29
-93 -86
88 -31
-30 -90
-31 87
31 -28
90 -26
86 92
89 -30
31 88
91 87
29 -90
-90 -88
-89 -90
-88 -30
-33 88
86 92
86 91
90 -88
-30 -31
-90 -29
29 -89
91 88
-29 89
-88 90
88 90
-88 -32
-87 -91
-91 88
89 31
89 30
-90 -88
29 30
90 29
-89 30
89 -89
-30 -89
88 90
88 90
90 -29
-28 -90
-29 -89
90 -88
-31 89
89 -88
-89 -30
-30 -89
-30 -89
-31 -89
-90 -90
30 -29
-88 -91
-28 -90
-90 29
-29 30
-90 88
30 -30
31 -88
91 -88
-31 87
-32 88
-89 29
30 89
29 -89
31 88
89 88
-88 90
89 -29
-88 -31
-87 -90
31 -89
88 32
89 -29
-88 -90
30 30
90 88
89 29
-89 30
-89 29
88 90
-88 -33
89 31
-28 -89
30 -90
-88 90
-90 -88
-30 29
89 30
-31 89
89 -88
-89 -30
-90 89
-89 30
89 -31
30 29
-30 89
29 89
-32 88
90 -28
29 31
31 -89
31 -89
-30 30
30 29
-29 89
-90 -30
88 90
-30 29
-89 -31
88 91
-89 -31
90 -30
-89 -30
-30 89
88 -30
89 89
89 89
-89 88
-29 -30
29 89
88 89
90 -89
-89 -30
88 90
-29 -89
30 30
89 30
90 -90
29 89
90 -30
-88 -30
-89 -89
29 89
-31 89
90 -29
-88 -90
31 -89
29 89
30 -30
-30 -90
89 30
-88 30
-90 88
-30 -30
-29 -89
-88 -90
-87 -90
-88 -89
31 -30
29 90
90 -88
-30 30
-30 30
90 29
31 31
-89 -31
-90 29
28 90
30 -29
-89 -31
-90 88
89 -30
-89 30
-89 90
-90 -30
-30 -30
30 -88
-88 -31
90 -87
30 -30
-30 29
-30 -89
30 -29
-30 30
-89 -89
-29 89
88 -89
-30 89
-31 89
-90 29
90 -88
90 -88
90 -88
30 30
89 30
-30 89
30 -30
30 89
89 -89
-88 -89
29 30
-87 -90
-87 -90
-88 -31
-29 -89
90 -88
-89 -31
-88 -30
88 89
-89 -30
-30 90
-90 30
-89 30
-30 89
-90 88
-31 89
90 -29
-31 89
30 -29
30 -30
30 30
-89 31
29 30
89 30
-88 -90
-29 -30
-30 -29
89 -29
-29 -89
-90 87
30 31
30 -29
-30 30
30 89
90 88
90 29
31 31
89 -29
29 90
-27 -89
-89 28
88 91
89 -29
-89 30
30 -89
89 -30
90 -88
30 -89
-89 -90
30 -29
30 -89
-30 -30
30 30
-30 -89
89 -30
30 -30
29 90
28 90
87 32
29 89
30 -30
88 30
89 -88
90 -88
89 31
-30 -30
89 30
-89 -30
89 30
-89 -30
-89 89
89 -30
-88 30
-89 -89
-30 -90
-30 -31
-29 -89
91 -88
-90 88
32 -88
-30 89
-30 89
30 30
-87 90
-88 91
88 -90
89 -89
90 -88
30 -29
32 -88
28 90
-29 -31
30 -89
-30 -31
-31 -89
-32 -88
-30 -30
89 89
29 -30
-87 -92
27 89
-29 -32
-92 87
-28 -31
-89 89
89 -31
28 -90
29 -31
-88 30
-89 -31
86 91
-32 88
-91 87
89 -29
30 30
-88 -30
89 -30
31 30
-30 -89
30 90
31 -88
-89 28
90 -28
29 31
88 33
-88 -32
89 31
-29 90
28 -90
88 -32
89 27
-90 -88
-30 30
91 -86
-29 -31
-90 26
30 -29
-28 -90
-89 -90
-89 -30
30 88
89 30
-88 -30
89 -88
90 90
-89 30
-30 30
31 30
-30 89
31 -89
88 32
29 30
-90 28
29 89
-88 -90
-89 89
90 -90
-89 30
-89 -30
89 -29
-30 29
-89 -31
-89 -31
89 89
-31 -89
-90 -88
89 -30
89 31
-32 88
-29 -30
-87 -91
-89 28
-90 88
-30 30
89 90
-29 -30
-31 89
-30 -30
91 -87
90 -88
89 -28
89 -29
30 30
-30 30
30 -29
-89 89
88 90
-30 88
-30 -89
31 -31
-30 -30
-89 89
-90 89
31 -88
29 31
-89 -31
-87 -91
89 -88
31 -30
-30 -89
88 -90
30 29
-90 -88
-88 90
88 90
-33 88
-27 -89
-90 28
-31 89
-89 31
29 -89
-30 29
-30 -88
-30 30
89 -89
-89 -30
-29 -30
88 90
30 -30
90 -89
-30 29
-30 30
31 -89
30 89
-30 89
31 30
89 -29
-30 89
88 31
-31 29
-89 29
-30 -30
-30 -30
-31 -29
-90 -89
89 -30
-90 29
-31 88
-91 87
33 -88
-29 -31
29 30
89 -89
-88 31
-29 90
-31 -30
90 -30
-29 -90
87 90
88 32
-28 -90
29 89
-29 -30
-30 30
-89 -89
30 -89
-30 29
-89 29
-31 89
-30 -89
-89 -89
29 -89
-30 30
30 -30
89 -29
-31 29
29 31
89 31
-30 -30
-29 31
88 -91
-88 89
89 -88
-88 -31
33 -88
-28 -31
87 91
-89 30
-89 -29
-30 31
31 88
-30 30
-30 -31
32 -87
-87 -91
32 -88
29 90
-30 -29
-89 -30
89 -89
-88 -31
-30 88
-89 88
-29 -89
90 -88
-30 30
89 -88
30 89
89 31
-30 -90
-88 -30
89 30
-89 29
-30 -30
-30 -30
89 -30
89 31
90 -88
-88 -31
31 -30
88 90
89 -29
-30 30
-30 -30
29 -30
-90 89
29 89
-31 88
-88 -91
89 -29
-31 89
-31 89
-89 30
89 -30
90 90
89 31
-31 88
-91 88
29 30
-29 -89
89 -89
30 -30
89 -89
-89 -30
31 -89
-88 -89
88 30
-89 -89
88 90
89 -29
-29 -30
89 31
30 -29
88 90
-30 89
-31 -89
-29 89
32 88
30 89
30 89
32 -88
30 -29
29 30
-88 -33
88 31
-30 88
30 -89
-29 89
-30 30
-90 -88
-89 -29
89 -30
31 -88
30 31
90 -87
30 31
90 -88
-30 30
88 89
-30 -89
-31 89
-88 -31
88 91
-89 29
90 -88
29 89
30 89
-30 -89
-30 31
-30 30
30 -30
31 -88
-91 87
-31 28
90 -27
-29 -30
90 29
-30 31
-87 90
29 -89
31 -30
89 -88
-29 -31
-88 -90
89 -88
-90 -29
89 -90
-31 -88
90 88
-30 89
30 -29
90 -28
-88 -32
-88 -32
-88 -90
30 -90
30 -30
88 -90
30 29
-88 89
-89 89
29 89
-91 87
27 89
-90 28
-29 -31
-30 30
30 -89
89 29
30 -30
-31 -89
-89 -89
30 89
88 91
32 -89
-31 29
30 31
-30 88
-30 30
30 30
29 -89
-30 -89
90 30
31 -89
29 90
28 90
-88 -30
89 -29
-29 -89
89 -30
-89 30
30 -90
-90 88
31 -88
-28 -90
31 -29
88 90
88 90
-89 31
-89 -29
91 88
89 -89
-30 -90
-91 88
31 -28
-87 -91
-30 -30
-30 -30
-88 90
-88 30
30 30
30 -89
30 31
89 -29
-89 -31
30 30
30 -30
-30 -29
-29 -30
-87 -90
-29 -31
-31 87
87 90
30 30
89 30
-30 -89
-30 -29
-90 89
-89 29
30 -29
88 31
-31 29
30 -30
-30 89
-29 89
88 -90
91 88
90 29
-89 31
-30 88
90 -29
-90 28
-29 -31
91 -87
89 31
31 -89
30 -30
-90 -88
-88 90
29 30
-88 -90
-90 88
-29 -30
-31 89
88 90
30 -30
30 -89
-30 -90
30 -89
89 -89
-89 -31
30 -30
-89 29
89 31
-31 89
-30 30
30 -88
90 -29
89 31
31 -89
-30 -89
30 -89
-89 -90
-30 -30
30 90
-90 89
88 31
-89 29
30 30
-29 -30
88 90
-89 28
-31 30
30 30
89 -29
30 89
-30 89
-30 -89
88 89
30 29
-31 89
31 -89
33 -88
31 -87
-87 -90
30 30
-90 -88
90 88
-29 90
90 -88
-31 29
-90 28
87 31
89 -89
-30 -88
29 -89
-30 88
29 -30
-30 29
30 -30
29 30
-88 -30
90 -29
31 -89
30 30
-30 88
-89 30
30 -29
-30 30
31 -88
-30 89
-30 89
-89 -30
30 -30
-89 89
-29 90
-30 31
-30 30
-90 29
-87 -91
-32 88
-88 -33
88 32
87 91
-30 -89
91 88
90 29
31 29
-30 -30
29 30
90 -28
-90 27
91 -87
91 -87
-89 28
89 31
89 -31
29 -89
89 29
-30 -30
-89 -31
-32 88
88 90
28 89
88 90
-90 30
90 -90
-89 -88
89 30
29 89
-88 -32
-30 -29
-88 -90
-30 -89
31 -88
30 -88
-29 -30
89 31
-29 -89
89 -30
30 -89
30 -90
-31 89
-89 -89
-89 -90
90 -29
89 31
29 89
-91 87
88 90
-29 -89
-89 89
88 -90
89 29
30 -29
30 88
-90 88
-89 89
-89 88
-90 89
-89 -31
-30 -90
-89 30
-89 -88
-30 89
88 90
-91 87
29 -30
31 -89
-89 30
-29 -90
-89 29
-30 29
30 -30
-29 -89
-89 89
88 89
-30 -89
89 31
-31 88
91 -88
-31 29
-30 30
-89 -89
-88 32
-29 31
-30 31
88 90
-92 85
-87 -33
-87 -34
90 -28
-89 -31
-90 -87
-28 89
31 87
-30 -30
-89 -30
-31 30
90 -87
31 -29
-90 88
-89 89
29 -31
-87 91
-31 -88
89 89
31 -30
27 90
31 -28
28 90
-32 88
90 29
-31 -30
-31 -29
-91 -87
-89 31
29 90
-28 -90
27 90
-88 -33
86 92
-88 -32
-90 88
-88 90
30 29
87 -91
-90 -29
89 30
88 32
-89 29
-30 29
-88 -90
-30 -90
30 29
29 -89
88 -30
30 -30
-29 -90
-89 29
31 -88
-32 89
90 -29
-89 28
29 90
89 30
-89 -30
-89 -89
-29 90
89 29
89 -89
-30 -90
89 90
29 31
87 90
31 -29
-88 -32
29 89
-30 31
-31 -88
89 -32
-30 -29
-89 -89
32 -88
31 -29
-29 -31
-89 27
29 89
30 -90
-29 31
-31 -89
90 88
-89 -31
-29 -31
-88 -34
27 90
91 -87
88 90
-89 31
28 -89
88 -31
89 -31
-88 -90
91 -87
-31 29
-29 -30
-91 87
89 89
-89 30
90 88
30 -90
30 -89
-90 29
-27 -89
-31 89
31 -89
89 30
-30 -31
29 30
-30 -30
-29 89
-30 30
-29 90
89 -30
29 89
89 -88
91 -88
-30 88
-90 88
30 30
-30 30
30 29
90 90
-29 -89
-29 -30
-87 -91
87 32
30 31
31 -89
30 -88
30 29
-30 89
89 89
30 -30
31 -30
-29 -89
87 90
89 31
30 -30
-89 -30
90 90
88 90
90 -30
31 -30
-89 -30
30 30
-30 -30
-89 89
29 -30
-88 -90
-89 29
88 33
-87 -31
-31 28
-88 30
89 -31
28 -90
27 -90
88 -31
-30 -30
29 30
-32 88
26 90
28 90
90 -28
-30 -30
-88 -89
-30 -31
-30 -30
-88 -31
89 -29
-31 88
-30 -30
88 90
-30 88
-30 -29
89 -29
-89 29
-90 29
-31 30
88 31
88 90
-89 -89
-30 -89
-89 -89
90 -90
-30 -30
31 -88
91 -88
31 -29
-29 -31
-88 -90
-31 -89
90 87
87 -31
-31 -88
-30 -30
91 -88
-27 -90
-90 28
-28 -90
32 -88
-89 -31
-30 29
30 30
89 29
91 88
31 89
-90 -30
31 -89
28 90
88 31
-92 87
31 -29
-31 88
30 31
89 29
-32 -88
-30 -30
31 89
-29 -89
88 91
89 -27
-33 88
-91 87
-88 -89
-88 30
-90 -88
88 -90
89 -89
-30 29
-89 29
90 -29
-30 -31
-30 29
-88 30
-30 -89
-30 -30
89 -89
30 -90
-30 -30
31 -88
-30 -31
87 31
-31 29
-31 89
-88 -89
29 -31
-31 -88
29 -90
-30 30
28 90
-87 -91
-86 -92
-90 27
-33 87
90 -88
-90 88
30 30
-89 31
88 -91
90 88
30 -30
89 -29
-87 -33
33 -88
88 32
90 -88
88 -90
28 -89
32 88
-88 32
-30 30
91 -87
-90 26
-90 26
34 -88
-90 29
90 90
-29 31
30 29
-89 31
-88 -30
91 -87
-32 88
-86 -91
90 -87
-88 -30
-89 -30
87 -91
90 88
87 -90
29 -30
89 -29
91 -87
87 33
-27 -90
31 -29
-30 30
-89 31
-91 -87
32 87
89 29
-30 30
86 91
92 -87
86 92
88 33
-88 -90
-89 30
88 -90
28 -89
29 -90
29 -89
-29 -89
31 -29
88 32
30 -30
-89 30
88 -31
30 -31
89 89
-88 -89
-88 -91
-88 -32
-90 28
-88 -33
28 90
-30 -29
-30 89
30 30
90 -29
-29 -89
-29 -89
29 89
-31 89
30 30
30 29
90 90
88 90
-87 -90
87 31
-89 28
89 -29
-29 -89
88 89
-89 30
31 -31
31 -89
31 -88
-88 -31
-88 -31
-89 29
-88 -90
88 30
-30 -89
30 89
89 89
89 89
90 -89
31 -88
32 -88
-89 29
-91 87
89 -30
30 -90
90 29
-29 89
90 -90
-30 89
-89 29
31 -89
32 -88
29 -30
-31 89
-90 -30
31 -88
30 -88
-30 88
-90 88
29 89
30 30
30 89
-89 -30
29 89
90 -29
88 30
-89 89
88 -30
-89 30
-30 30
-89 -31
28 89
91 -87
-29 -90
-88 -31
-89 -89
-30 30
89 30
30 -88
29 -30
-30 29
-29 -89
-29 -90
-89 29
-30 89
-30 -88
-89 -30
-89 89
89 30
-89 -90
90 -88
89 30
29 89
30 -29
-30 89
89 -89
-90 -88
88 -31
-30 -88
29 89
29 30
31 -30
90 -28
89 -29
-89 29
-88 -89
-88 -89
-90 90
-31 89
88 89
88 31
88 31
-90 87
-88 -90
87 91
-29 30
31 -31
-89 30
-30 -30
90 -28
-28 -31
-88 -33
88 32
-88 -30
31 88
-87 31
88 -33
31 30
90 -30
87 90
-28 -31
-29 -31
29 31
28 90
90 -88
89 89
-30 30
30 29
-89 -30
-88 30
-88 -90
-90 29
-88 -32
30 -29
90 -88
-30 30
-90 -88
88 -90
88 -90
30 -30
-87 -91
-88 -90
-90 28
28 90
88 31
30 31
29 89
-30 30
89 -29
30 -88
-30 -29
-89 -31
-30 -30
-90 29
88 31
90 -28
-29 -89
-31 89
87 91
-89 29
-90 88
-30 -30
-30 30
31 -30
89 -89
-89 -31
-30 30
30 -30
-89 88
89 -29
31 -89
-88 -31
-88 -30
89 -89
-89 -30
-30 89
-88 -30
88 89
90 90
-30 -89
89 -89
31 -30
-29 -89
-29 -89
-31 89
88 89
89 -88
-90 90
-89 29
-30 89
90 -89
89 -89
89 89
89 -89
88 30
29 -30
-29 -30
-29 -89
-90 28
87 91
-31 87
87 90
-30 30
30 89
-29 30
-88 -90
-89 29
-88 -33
28 90
-87 -90
-88 30
-30 30
-89 30
29 -30
29 30
31 -29
29 31
-91 87
-89 -30
88 -30
89 29
-29 89
-29 31
89 -90
89 89
-88 -31
-87 -91
-87 -91
-33 88
28 90
-88 -33
89 30
31 30
88 -31
89 -32
90 88
29 90
87 90
-86 -92
88 33
-88 -32
-31 89
-30 -89
30 -31
31 89
-30 29
-89 -89
-29 -89
-30 30
-89 -31
31 -89
30 31
-90 29
30 31
89 89
30 -89
30 -30
-30 -89
-89 30
89 31
90 -88
-88 -31
31 -30
-89 29
30 -30
-30 -30
-30 88
-89 88
-29 -30
-89 -31
30 -30
-89 90
30 89
-89 89
89 -29
32 -88
-27 -89
28 89
89 31
-30 -30
-31 -89
-29 -30
30 -30
-30 30
30 89
-31 89
-29 -30
-28 -90
30 -29
-31 88
88 30
89 30
30 30
30 -88
-89 -89
31 -30
30 -90
-89 -89
30 29
-30 29
30 -30
-89 -31
88 30
29 89
89 -29
-30 30
-89 -89
-30 -30
89 -89
90 -88
